0
0
0
0
0
0
0
0
0
0
0
0
0
0
0
0
0
0
0
0
0
0
0
0
0
0
0
0
0
0
0
0
0
0
0
0
0
0
0
1280
1339
1451
1593
1895
1995
2335
2731
3138
4229
5303
7531
7014
4950
3649
2866
2230
2155
1699
1649
1700
1580
1427
1409
1404
1424
1111
1178
1425
1163
1043
786
895
684
743
1041
792
819
755
711
752
663
699
528
631
651
810
671
755
1014
1042
1407
1656
1544
1675
1924
2014
2207
2245
2237
2156
2345
2457
2722
3099
3586
3761
3120
3123
3276
3392
3526
3274
3658
3527
2927
2786
2438
2370
2036
1715
1509
1509
1451
1524
1262
1182
1110
878
777
944
748
892
812
639
732
705
745
665
835
936
1050
1169
1424
1642
1758
1786
2048
2054
2305
2131
2433
2387
2134
2256
2321
2480
2697
2915
2356
2223
2295
2401
2587
2503
2793
3310
3533
2843
2752
2326
2169
1854
1769
1632
1445
1276
1173
1172
1078
940
951
858
752
785
786
724
707
744
736
774
752
801
931
1118
1427
1627
1770
1758
1864
2003
2048
2088
2228
2334
2418
2520
2717
3008
3302
3722
3099
2748
2844
2965
3309
3456
3340
3006
2845
2311
1847
1618
1588
1744
1513
1326
1258
1188
1054
920
947
760
776
783
770
743
778
616
635
588
648
590
668
740
832
933
1274
1379
1465
1340
1513
1504
1628
1717
1896
1972
1911
1949
2156
2390
2883
3058
2728
2474
2494
2668
2826
2786
3010
3080
3052
2808
2520
2469
2365
2202
1874
1679
1419
1179
1089
1002
805
688
642
757
665
615
520
491
494
429
474
577
565
711
740
914
1205
1463
1422
1470
1473
1576
1642
1767
1977
1999
1947
2047
2101
2133
2246
2547
2596
2439
2475
2818
2951
3082
3308
3299
3057
2609
2294
2120
1844
1604
1542
1684
2342
2326
2247
1853
1661
1607
2116
1937
1563
1197
1199
1175
1137
1151
973
1015
1121
1309
1584
2071
2621
3360
3718
4154
5111
6799
9688
9630
6504
4316
3055
2489
2134
2077
1957
2199
2176
1683
1695
1619
1757
1736
1717
1751
1748
1725
1523
1404
1255
1160
1077
1005
966
854
868
833
715
641
570
592
546
445
561
451
462
481
468
442
506
569
648
857
1121
1409
1519
1552
1486
1486
1419
1594
1613
1797
1815
1960
2174
2526
3062
3816
3924
3448
3350
3162
2952
2735
2307
2313
2182
2023
1784
1665
1476
1348
1172
1097
1011
879
766
775
683
625
606
518
476
410
409
354
332
243
323
180
231
211
238
372
476
764
1030
1120
1248
1467
1679
1926
1919
1950
1957
1920
2035
2269
2450
2988
2816
2327
2118
2056
2032
2060
2248
2583
2589
2698
2495
2202
1860
1742
1757
1583
1354
1358
1172
1057
1013
851
879
819
799
722
745
764
679
619
583
653
684
726
819
884
1047
1393
1699
1789
1861
1946
1909
2013
2091
2247
2401
2719
3262
4003
4934
6425
7496
7698
6803
4778
3939
3230
2768
2597
2306
2068
1901
1833
1642
1754
1603
1458
1379
1265
1133
1046
1002
986
872
835
831
821
839
715
710
690
635
707
698
627
660
780
1016
1328
1598
1546
1585
1632
1849
1968
2031
2130
2137
2154
2354
2897
3745
4946
5706
5766
5838
4830
4049
3729
3438
2999
2861
2637
2461
2328
2241
2144
2120
1957
1959
1699
1571
1481
1448
1218
1101
1013
953
916
901
772
822
743
754
757
830
791
858
915
1208
1648
1750
1809
2004
2243
2269
2271
2554
2505
2548
2578
2892
3725
4856
6266
7362
6428
5076
4599
4379
