53
43 36 25 18 10 7 5 3 3 2 2 1 1 0 1 0 0 0 0 0 0 0 0 0 0 0 0 0 0 0 0 0 0 0 0 0 0 0 0 0 0 0 0 1 1 2 2 2 4 54
48 34 24 15 12 7 5 4 2 2 1 1 1 1 0 0 0 0 0 0 0 0 0 0 0 0 0 0 0 0 0 0 0 0 0 0 0 0 0 0 0 1 1 1 1 2 2 2 3 52
46 35 23 17 12 7 6 4 3 2 2 1 1 0 0 0 0 0 0 0 0 0 0 0 0 0 0 0 0 0 0 0 0 0 0 0 0 0 0 0 0 0 1 1 1 2 2 2 3 53
45 34 22 17 11 8 5 4 2 2 2 1 1 1 0 0 0 0 0 0 0 0 0 0 0 0 0 0 0 0 0 0 0 0 0 0 0 0 0 0 0 1 1 1 2 2 2 3 4 44
43 33 25 17 9 7 4 4 3 2 1 1 1 1 0 0 0 0 0 0 0 0 0 0 0 0 0 0 0 0 0 0 0 0 0 0 0 0 0 0 0 1 1 1 1 2 3 4 4 42
40 36 28 18 11 7 5 4 2 2 1 1 1 0 0 0 0 0 0 0 0 0 0 0 0 0 0 0 0 0 0 0 0 0 0 0 0 0 0 0 0 1 1 1 1 2 3 4 5 40
38 31 23 15 10 8 5 4 3 2 1 1 1 1 1 0 0 0 0 0 0 0 0 0 0 0 0 0 0 0 0 0 0 0 0 0 0 0 0 0 0 1 1 1 2 2 3 4 4 48
39 34 22 16 13 9 6 4 3 2 1 1 1 1 1 0 0 0 0 0 0 0 0 0 0 0 0 0 0 0 0 0 0 0 0 0 0 0 0 0 0 1 1 1 1 2 3 3 4 54
54 37 27 18 14 9 7 4 3 2 1 1 1 1 1 0 0 0 0 0 0 0 0 0 0 0 0 0 0 0 0 0 0 0 0 0 0 0 0 0 0 1 1 1 2 2 3 3 4 62
53 38 29 21 15 11 7 5 3 2 2 1 1 1 1 0 0 0 0 0 0 0 0 0 0 0 0 0 0 0 0 0 0 0 0 0 0 0 0 0 1 1 1 1 2 2 2 4 5 60
51 36 28 23 18 12 8 5 5 3 2 1 1 1 0 0 0 0 0 0 0 0 0 0 0 0 0 0 0 0 0 0 0 0 0 0 0 0 0 0 1 1 1 1 2 3 3 5 6 55
47 38 31 25 19 13 8 7 5 3 3 2 1 1 1 1 1 0 0 0 0 0 0 0 0 0 0 0 0 0 0 0 0 0 0 0 0 0 0 0 1 1 1 1 2 3 5 6 6 50
53 40 33 27 21 15 12 7 5 4 3 2 1 1 1 1 1 0 0 0 0 0 0 0 0 0 0 0 0 0 0 0 0 0 0 0 0 0 0 0 1 1 1 1 2 3 5 6 7 62
50 43 39 28 22 21 12 9 6 5 3 2 1 1 1 1 0 0 0 0 0 0 0 0 0 0 0 0 0 0 0 0 0 0 0 0 0 0 0 1 1 1 1 1 2 3 4 5 6 71
63 51 44 34 25 17 14 9 8 5 3 2 2 1 1 1 1 0 0 0 0 0 0 0 0 0 0 0 0 0 0 0 0 0 0 0 0 0 0 1 1 1 2 2 3 3 5 5 7 88
77 66 53 43 30 21 17 11 8 5 3 2 2 2 2 1 1 1 0 0 0 0 0 0 0 0 0 0 0 0 0 0 0 0 0 0 1 1 1 1 1 1 2 3 4 4 6 8 7 100
102 92 64 48 35 24 17 13 9 5 3 3 3 2 1 1 1 1 1 0 0 0 0 0 0 0 0 0 0 0 0 1 1 0 1 1 1 1 1 1 2 2 3 3 5 5 7 8 8 120
118 101 71 50 37 26 15 13 10 7 4 4 3 3 2 1 1 1 1 1 0 0 0 0 0 0 0 0 0 0 0 1 1 1 1 1 1 1 1 1 2 3 3 4 4 5 7 7 7 133
122 109 76 51 36 28 20 13 12 8 5 5 4 3 2 2 1 2 1 1 1 1 1 0 0 0 0 1 1 1 1 1 1 1 1 1 1 1 2 3 3 3 4 4 4 5 6 6 6 136
132 103 86 61 39 35 24 19 15 11 9 6 5 4 2 2 2 2 2 1 1 1 1 1 1 1 1 1 1 1 1 1 1 1 1 1 2 2 2 2 3 3 3 4 3 4 4 4 4 152
138 121 100 65 48 41 28 16 13 13 10 8 7 4 3 4 3 3 3 2 2 2 2 1 1 1 1 1 1 1 1 1 1 2 2 1 2 2 3 3 3 3 3 3 3 3 3 3 3 160
148 122 95 80 64 46 30 19 16 13 11 11 7 5 4 5 4 4 3 3 2 2 2 2 2 1 1 1 1 1 1 2 2 2 3 2 2 3 2 3 2 2 2 2 2 2 1 2 2 156
151 132 119 91 79 52 36 28 19 16 14 14 9 6 5 6 4 4 4 3 3 3 3 3 3 2 2 1 2 2 2 2 2 2 2 3 2 2 2 2 2 2 1 1 1 1 1 1 1 169
171 151 117 105 77 64 45 28 27 22 20 15 10 9 8 6 6 6 5 5 4 5 3 4 3 4 3 3 3 3 3 3 3 2 2 2 1 1 1 1 2 1 1 1 1 1 1 1 1 166
156 171 146 113 90 71 47 47 33 30 28 20 15 12 11 8 9 9 8 7 9 6 4 4 4 5 5 4 3 4 3 3 3 3 2 1 1 1 1 1 1 1 1 1 1 1 1 1 1 164
175 163 158 129 117 91 72 60 56 40 32 26 21 17 15 14 12 13 11 11 8 8 7 6 6 6 6 6 4 4 3 3 3 2 2 2 1 1 1 0 0 1 1 0 0 0 0 0 0 151
180 183 172 153 126 112 89 79 73 57 47 38 25 26 23 19 17 18 15 13 11 10 10 9 8 7 7 6 5 4 3 2 2 2 1 1 1 1 0 0 0 0 0 0 0 0 0 0 0 154
147 195 186 180 155 137 119 101 88 72 61 47 42 39 34 26 21 22 19 17 14 16 13 11 11 9 7 6 5 4 2 2 1 1 1 1 1 0 0 0 0 0 0 0 0 0 0 0 0 96
130 140 180 182 188 177 146 133 112 98 72 58 48 55 49 37 30 29 31 27 20 20 19 15 11 8 7 5 4 3 2 1 1 1 1 1 0 0 0 0 0 0 0 0 0 0 0 0 0 59
66 113 150 167 167 179 181 150 137 107 99 81 65 66 56 45 44 43 38 38 31 25 22 18 14 9 6 5 3 3 2 1 1 1 0 0 0 0 0 0 0 0 0 0 0 0 0 0 0 27
40 71 101 131 154 164 179 175 159 133 119 122 93 91 83 68 61 59 49 44 35 27 24 15 12 11 7 5 4 2 2 1 1 1 0 0 0 0 0 0 0 0 0 0 0 0 0 0 0 14
19 44 67 87 149 155 170 196 191 157 150 135 136 126 105 96 80 63 58 46 31 25 17 13 8 8 6 5 3 2 1 1 1 0 0 0 0 0 0 0 0 0 0 0 0 0 0 0 0 6
9 20 35 56 76 128 170 161 189 196 174 155 174 147 142 111 88 70 61 51 32 20 17 11 7 7 5 4 2 1 1 1 0 0 0 0 0 0 0 0 0 0 0 0 0 0 0 0 0 3
4 8 16 25 53 64 104 136 164 185 170 193 172 179 150 122 93 77 61 42 26 21 15 10 6 5 4 3 2 1 1 1 0 0 0 0 0 0 0 0 0 0 0 0 0 0 0 0 0 1
2 3 6 13 22 33 60 106 123 163 183 166 199 184 169 128 87 66 52 35 24 19 13 8 7 5 4 2 1 1 1 0 0 0 0 0 0 0 0 0 0 0 0 0 0 0 0 0 0 1
1 1 2 5 9 15 26 55 72 93 139 185 175 188 173 123 82 66 46 36 24 15 12 8 6 5 3 2 1 1 1 1 0 0 0 0 0 0 0 0 0 0 0 0 0 0 0 0 0 0
0 0 1 2 4 8 13 24 33 64 115 150 163 194 166 117 77 57 49 35 26 18 12 9 6 4 3 2 1 1 1 1 0 0 0 0 0 0 0 0 0 0 0 0 0 0 0 0 0 0
0 0 0 1 1 3 7 12 26 60 83 133 171 176 143 116 88 60 45 36 23 14 12 8 6 6 3 2 1 1 1 0 0 0 0 0 0 0 0 0 0 0 0 0 0 0 0 0 0 0
0 0 0 0 0 1 3 9 30 47 100 136 180 172 135 111 91 66 39 36 25 16 10 8 6 5 3 2 1 1 1 0 0 0 0 0 0 0 0 0 0 0 0 0 0 0 0 0 0 0
0 0 0 0 0 0 2 8 21 42 87 149 193 167 140 113 96 67 43 34 27 19 12 9 6 3 3 2 1 1 1 1 0 0 0 0 0 0 0 0 0 0 0 0 0 0 0 0 0 0
0 0 0 0 0 0 1 4 13 52 79 134 197 173 144 106 90 64 47 31 23 20 14 8 5 4 2 2 1 1 1 0 0 0 0 0 0 0 0 0 0 0 0 0 0 0 0 0 0 0
0 0 0 0 0 0 1 4 17 32 77 139 180 166 144 114 93 69 52 39 25 18 11 10 6 4 3 2 1 1 1 0 0 0 0 0 0 0 0 0 0 0 0 0 0 0 0 0 0 0
0 0 0 0 0 0 1 4 12 37 81 159 158 150 142 131 111 85 57 39 26 17 12 9 7 5 3 2 1 1 1 1 0 0 0 0 0 0 0 0 0 0 0 0 0 0 0 0 0 0
0 0 0 0 0 0 1 3 9 29 72 109 161 167 148 130 110 88 60 39 25 18 12 8 6 6 4 2 2 1 1 1 0 0 0 0 0 0 0 0 0 0 0 0 0 0 0 0 0 0
0 0 0 0 0 0 1 3 8 26 63 124 156 166 146 136 110 80 61 39 30 19 14 10 6 5 3 3 2 1 1 1 0 0 0 0 0 0 0 0 0 0 0 0 0 0 0 0 0 0
0 0 0 0 0 0 1 3 10 24 66 124 169 155 161 132 105 85 54 37 30 23 15 10 8 6 3 2 2 1 1 1 1 0 0 0 0 0 0 0 0 0 0 0 0 0 0 0 0 0
0 0 0 0 0 0 1 3 8 23 46 104 139 166 156 141 122 87 58 42 28 24 14 11 9 7 4 3 2 1 1 1 1 1 0 0 0 0 0 0 0 0 0 0 0 0 0 0 0 0
0 0 0 0 0 0 0 2 6 18 42 87 154 192 171 145 108 87 62 45 35 26 17 10 8 6 6 3 2 1 1 1 1 1 0 0 0 0 0 0 0 0 0 0 0 0 0 0 0 0
0 0 0 0 0 0 0 1 5 20 39 93 177 168 182 157 114 84 61 43 33 24 16 10 9 6 4 4 2 1 1 1 1 1 1 0 0 0 0 0 0 0 0 0 0 0 0 0 0 0
0 0 0 0 0 0 0 1 6 18 45 100 128 151 174 153 119 88 58 47 32 23 18 12 7 5 5 4 2 2 1 1 1 1 1 0 0 0 0 0 0 0 0 0 0 0 0 0 0 62
46 43 19 20 14 7 14 0 6 0 0 0 0 0 0 0 0 0 0 3 1 1 3 1 0 0 0 3 2 0 0 3 0 3 1 0 6 0 0 0 0 1 0 4 0 10 3 0 0 59
50 42 19 12 17 1 7 0 0 0 2 10 0 7 0 0 4 2 0 0 0 3 0 3 9 5 0 0 8 2 0 0 3 5 0 0 0 0 1 0 2 3 1 2 0 0 3 5 5 56
41 23 29 14 5 10 8 6 6 0 0 5 0 0 0 0 0 5 4 2 0 0 1 2 0 0 0 0 3 0 0 0 0 0 1 3 4 4 0 3 0 3 5 5 0 4 0 0 9 64
47 18 22 10 17 2 0 0 0 16 9 0 0 8 1 5 0 0 0 8 1 0 5 13 0 0 13 1 0 7 0 0 0 0 0 0 0 2 0 0 10 2 1 0 0 3 0 9 5 46
45 45 30 19 7 4 0 11 0 0 0 0 5 0 2 1 1 1 1 3 0 0 5 11 0 0 2 4 0 0 0 0 9 3 0 10 6 0 0 0 1 0 0 0 0 0 0 2 0 50
36 36 29 23 13 7 0 10 5 0 0 5 5 1 1 0 0 9 0 5 2 1 4 6 2 0 0 0 0 0 0 14 7 5 1 0 7 3 0 0 0 2 0 0 2 10 6 18 12 46
35 34 27 9 3 12 4 2 2 9 1 1 9 5 7 0 0 3 6 5 0 0 3 0 0 0 9 0 0 0 5 0 0 4 0 0 0 0 1 0 1 0 5 2 3 1 0 2 5 44
36 34 16 12 19 10 9 0 12 2 6 1 2 0 1 0 0 3 3 6 0 0 2 1 0 0 0 4 8 0 0 0 5 1 4 3 3 0 0 0 0 8 0 0 5 3 10 5 5 60
58 42 26 20 16 4 8 0 11 0 2 1 10 0 0 0 3 0 0 1 9 5 2 0 0 0 9 3 8 0 0 4 0 0 6 0 5 0 0 0 12 0 0 0 0 3 0 5 8 64
57 38 30 22 10 3 11 8 0 7 0 2 4 0 5 0 5 2 0 3 4 4 0 0 0 7 1 0 4 0 1 0 11 1 0 0 0 0 3 0 0 2 0 2 0 0 0 9 0 55
46 47 28 25 21 27 4 0 1 0 0 0 7 4 4 9 10 0 9 0 0 10 7 0 0 0 9 4 0 1 0 0 0 4 0 0 0 2 0 0 7 17 1 0 0 3 2 0 1 48
46 35 29 27 14 21 10 8 0 0 4 5 0 7 4 2 2 4 0 0 4 2 10 0 12 6 5 1 4 0 0 0 0 5 0 4 0 0 0 0 0 7 0 5 0 0 0 2 8 49
64 41 31 26 24 16 9 10 7 0 5 4 0 3 3 0 0 0 1 0 8 0 4 5 4 2 0 3 1 0 0 0 0 0 0 1 2 0 0 5 2 4 0 0 1 3 11 9 15 73
56 37 48 30 20 22 4 9 11 12 11 5 0 4 5 2 0 6 0 0 0 0 0 0 0 4 0 2 2 5 0 0 0 0 0 0 4 4 1 4 6 0 0 4 0 0 9 5 10 72
56 45 44 33 20 18 6 19 4 8 3 6 0 0 4 0 0 2 0 1 6 5 7 0 0 0 0 0 1 0 2 2 0 0 0 4 0 0 0 0 6 0 10 0 4 7 3 13 10 82
86 67 60 48 33 14 16 16 5 0 3 7 7 0 0 0 0 9 4 2 4 0 1 0 3 0 0 2 12 20 1 0 1 6 0 3 7 0 0 6 0 5 2 8 8 12 2 8 5 91
99 89 69 53 38 29 16 16 14 2 7 2 9 0 0 0 0 5 6 0 6 7 0 0 0 0 9 0 1 0 0 0 1 8 6 0 4 0 0 5 0 11 5 10 3 0 20 15 4 120
119 99 74 50 35 30 17 10 14 4 4 5 3 8 7 0 0 0 0 1 0 0 2 0 0 0 0 10 0 0 0 0 8 2 0 2 5 0 1 0 0 3 10 5 12 5 3 3 9 133
122 108 79 56 40 31 24 12 14 8 6 12 3 0 8 5 0 4 0 9 0 2 5 10 6 0 6 0 4 5 0 4 4 0 0 3 4 12 2 0 0 0 18 15 5 4 11 0 6 140
124 107 91 60 49 33 34 19 11 18 0 14 3 0 5 4 5 3 2 0 0 0 6 0 4 6 9 2 2 7 3 2 3 0 5 0 1 0 2 15 9 0 9 0 8 8 11 12 0 145
141 121 93 60 50 48 31 18 17 4 5 7 6 6 0 0 6 0 3 12 0 1 0 10 9 5 11 0 4 0 5 0 0 1 7 0 5 10 0 1 9 0 3 2 8 11 10 12 10 160
147 119 94 84 61 47 29 9 16 10 13 21 3 10 9 9 2 3 0 10 0 0 2 6 0 5 0 4 3 10 3 7 0 7 9 6 8 10 6 5 0 6 12 2 0 0 7 0 1 152
144 125 112 86 84 61 31 31 16 17 13 10 10 0 5 7 0 0 2 2 0 0 2 2 11 0 16 0 8 0 0 0 0 7 5 1 6 0 0 0 2 0 3 1 0 3 8 3 8 161
175 152 122 107 78 75 40 32 26 19 28 16 1 10 13 8 11 1 3 7 8 2 3 7 2 7 4 7 0 0 0 0 0 9 2 0 0 5 0 2 16 3 0 0 0 3 3 0 0 174
158 170 150 112 99 69 46 41 37 24 24 22 21 15 13 1 5 11 7 9 1 2 5 11 5 5 0 7 10 0 0 0 0 0 4 0 0 5 0 3 0 6 4 0 7 4 0 0 12 168
167 171 160 129 118 89 72 64 52 40 33 24 23 23 11 13 15 3 17 18 0 9 10 9 3 12 6 5 0 7 6 3 3 0 4 0 0 3 10 0 6 9 6 2 0 3 0 0 0 150
179 189 169 150 120 114 82 83 76 53 41 35 31 29 21 18 21 22 34 15 13 2 7 5 3 2 16 11 0 8 9 2 0 0 0 4 0 4 0 8 0 0 16 0 1 2 3 0 1 155
148 198 183 182 157 135 119 94 88 67 65 56 38 38 36 24 27 29 11 27 11 13 4 3 15 11 6 4 2 5 5 0 5 0 7 4 8 0 6 0 0 0 0 0 0 0 5 0 3 98
127 137 179 184 196 180 140 127 104 104 67 56 46 56 49 32 20 34 31 27 24 30 17 17 12 7 12 8 3 5 0 0 2 0 4 5 9 5 7 3 0 4 4 5 8 0 0 1 0 55
64 116 150 168 166 180 191 152 141 114 106 85 83 64 48 45 45 48 34 37 31 26 25 21 11 10 5 7 10 6 0 0 0 5 0 0 0 0 0 0 2 8 0 3 0 0 0 5 0 31
32 68 100 138 154 165 175 173 166 127 117 119 92 78 82 70 48 63 46 50 29 32 24 14 13 23 3 10 9 0 9 0 0 1 0 0 9 0 0 0 0 0 4 8 0 8 2 0 0 17
18 46 73 82 163 160 172 206 184 151 154 131 131 126 111 102 83 60 59 51 39 23 19 15 6 11 5 2 5 6 2 9 0 8 0 0 10 7 1 6 0 1 0 1 3 0 4 0 0 10
9 12 36 59 73 128 167 155 189 202 181 156 173 138 136 115 91 67 60 61 28 13 24 11 10 10 9 3 9 0 13 0 0 3 0 0 0 0 0 0 0 3 0 7 0 0 0 0 0 3
1 12 19 29 48 58 108 138 165 184 177 195 164 178 152 122 98 83 78 39 19 24 16 15 5 0 0 10 0 0 9 2 0 3 3 0 5 6 0 0 9 0 7 0 0 0 5 0 10 7
6 0 18 17 25 31 57 104 129 155 190 175 205 183 170 121 90 73 54 26 23 22 17 5 11 13 0 2 5 0 0 0 0 8 0 0 15 0 0 8 0 1 0 0 2 0 0 0 11 0
0 2 2 4 3 19 20 53 72 95 140 190 174 187 170 126 81 69 37 36 27 18 10 8 6 15 7 0 0 3 8 0 5 0 12 0 0 0 0 0 5 6 4 3 2 5 0 0 0 0
2 2 3 0 1 19 9 19 28 60 114 141 155 197 164 111 72 59 48 33 34 23 16 10 8 1 0 0 0 4 13 5 1 0 0 6 5 0 5 0 6 0 0 3 0 0 1 5 8 5
0 0 2 6 1 10 6 13 26 58 85 136 179 189 142 121 81 60 39 33 27 16 7 14 6 10 1 3 0 0 0 11 1 0 0 0 4 0 2 0 2 0 0 3 0 0 5 0 2 0
0 0 3 2 10 7 0 15 24 42 102 137 184 171 135 116 95 66 38 34 29 10 13 7 9 5 7 1 0 6 3 0 5 0 4 8 5 0 0 0 6 0 6 3 5 0 0 3 1 0
1 0 0 1 0 11 7 6 18 44 82 146 191 164 141 115 98 61 44 37 28 13 14 14 6 4 2 0 6 0 2 7 0 2 2 0 0 0 0 0 6 6 0 0 0 0 7 8 4 0
7 4 0 0 7 5 13 8 24 53 74 135 199 172 146 109 92 59 44 31 19 9 18 0 9 9 2 1 4 9 0 0 2 0 8 0 2 2 2 1 9 0 5 2 0 0 0 5 0 0
0 5 0 0 2 4 6 13 17 34 73 141 181 168 145 109 89 70 56 34 27 25 16 9 8 0 1 1 1 0 0 2 0 4 0 0 0 11 0 0 2 4 0 5 1 1 7 7 9 3
0 0 0 3 2 0 6 10 18 31 77 167 154 148 147 123 105 79 60 42 27 16 6 15 12 5 6 6 3 9 0 7 11 2 0 3 0 0 0 8 0 0 0 5 1 0 0 0 0 4
0 5 0 3 0 9 0 2 11 27 70 116 158 168 138 129 106 94 55 40 16 19 11 10 7 7 5 0 4 0 0 0 7 0 4 0 0 0 0 0 0 0 0 0 11 1 2 9 0 1
2 8 2 0 3 0 3 7 6 33 65 135 150 168 137 131 107 83 56 40 27 22 16 12 7 4 0 0 0 0 0 13 10 3 0 0 5 0 6 0 0 8 2 2 6 9 0 5 1 0
5 0 0 4 3 0 3 6 14 19 69 114 174 157 168 128 106 84 58 27 30 21 14 8 7 5 3 4 0 2 4 0 3 0 0 0 0 7 0 0 0 7 6 0 6 1 3 0 3 2
0 0 0 0 0 0 0 4 0 15 46 104 136 157 153 139 119 84 57 42 28 26 13 13 6 10 0 0 3 7 0 0 4 1 0 2 0 0 0 8 0 5 8 0 4 1 9 3 0 0
4 2 3 6 0 0 5 6 12 14 38 89 154 191 173 145 107 89 54 50 36 34 23 15 0 6 7 3 4 5 3 0 1 7 3 15 7 3 0 0 0 0 0 0 0 3 2 0 0 0
9 0 0 1 2 4 0 0 3 22 38 90 180 169 186 149 116 86 63 48 30 27 19 16 8 3 0 3 0 0 0 5 5 0 5 0 5 3 1 0 0 0 5 2 5 4 5 6 0 9
0 1 1 0 0 0 4 0 10 23 39 96 124 150 172 150 114 88 57 41 38 15 24 14 4 8 9 7 4 0 1 5 0 0 5 0 4 0 0 3 0 2 2 0 4 4 5 0 1 10.3693
13.8773 65.3243 53.2814 36.8907 43.9884 37.8803 24.6635 22.6911 19.0452 16.7652 14.4225 8.68567 7.85425 6.4627 4.77098 3.94949 3.47872 2.69607 1.9644 1.65064 1.48394 1.18382 0.994378 0.900303 0.775075 0.724791 0.729611 0.647047 0.635769 0.697905 0.849651 0.86785 0.960042 1.04692 1.38614 1.86958 2.18846 3.2196 3.58966 4.31255 5.37086 6.85377 7.20608 9.21597 10.5236 13.1155 18.6627 24.1071 12.8522 136.323
115.945 76.6373 69.1167 58.3584 23.3091 29.6828 27.61 20.0207 19.5763 15.1254 11.4651 9.1955 7.42941 6.34622 5.25002 4.23943 3.38777 2.70277 2.36911 1.71696 1.46244 1.19784 1.02855 0.843399 0.731479 0.666047 0.618277 0.604638 0.607794 0.673138 0.770899 0.949671 0.90076 1.16457 1.36948 1.81279 2.22858 2.60014 3.20859 3.60234 4.97766 5.41936 6.66229 10.2772 12.6494 15.4448 19.0251 56.0704 25.4528 117.288
21.7098 84.0199 63.2213 59.1002 53.971 33.2192 26.1854 25.3128 17.4212 13.7142 10.2987 9.58413 7.65572 6.86733 5.07159 5.2424 3.66439 2.75934 2.23073 1.77371 1.37048 1.13107 0.987006 0.856731 0.741383 0.657215 0.525348 0.517339 0.518838 0.594423 0.717117 0.785985 0.909237 1.09427 1.4215 1.63559 2.12072 2.53238 3.11841 3.89435 5.0595 6.2745 8.16152 15.4391 11.9486 15.1392 19.6305 29.6614 49.0658 16.9445
112.062 94.0678 78.2588 124.37 90.3678 30.6204 25.744 23.8188 16.0124 12.9311 12.3189 8.65608 8.26954 5.77552 5.60137 5.90993 3.51511 2.56766 2.22178 1.63932 1.49943 1.13721 0.938875 0.777217 0.625477 0.576797 0.440757 0.464662 0.434428 0.592389 0.697775 0.719166 0.952352 1.12962 1.41193 1.75884 2.02753 2.38394 3.34204 4.39515 4.91039 6.03946 8.93366 9.28881 13.121 12.9092 18.8011 25.9477 26.5768 115.175
22.7351 79.9126 65.0957 128.755 56.7611 38.7029 45.4394 24.0856 15.116 15.1361 11.4459 8.93714 7.4683 6.26131 4.85872 4.43039 3.3591 2.78769 2.17884 1.79344 1.39247 1.00396 0.929613 0.74109 0.643686 0.533124 0.442518 0.389807 0.436105 0.570162 0.646007 0.75111 0.902154 1.1216 1.48985 1.80702 2.33103 2.58326 3.82468 3.95539 5.60128 5.84909 7.50422 9.85439 11.3837 14.3534 18.8881 28.4741 28.2604 21.5202
183.517 79.6627 133.728 52.4449 52.6843 33.4663 25.7366 18.886 14.8241 14.709 14.9735 10.9403 7.46539 8.19529 4.70974 4.04045 3.39137 2.70726 2.10733 1.7723 1.45087 1.20062 0.940664 0.813866 0.637503 0.546794 0.463898 0.445481 0.481491 0.518457 0.616948 0.740919 0.867862 1.14614 1.38277 1.64554 2.11561 2.69207 3.30823 3.79593 4.74292 5.9995 7.08692 10.4957 12.7891 15.5007 14.1471 50.8171 26.6546 120.686
81.9652 86.4923 73.8103 83.7832 45.7346 33.1294 27.38 19.7091 18.3581 16.4254 12.6421 11.3376 9.00549 6.68137 4.788 3.95499 3.59239 2.86321 2.16886 1.59251 1.37194 1.12738 0.961659 0.900566 0.672317 0.628439 0.545255 0.544184 0.523272 0.545797 0.589691 0.690361 0.865494 1.0988 1.37583 1.69467 2.26597 2.60687 3.06115 4.44904 5.4298 6.1732 8.65742 10.9964 12.1372 13.4298 18.347 26.9626 32.0106 196.863
86.2404 102.948 59.5715 51.8344 51.0626 42.6689 34.1138 25.3231 14.4858 18.8825 16.8254 10.4351 7.85703 6.76492 5.19037 4.04851 3.39872 2.82587 2.30807 1.71678 1.47389 1.12702 0.978071 0.898749 0.778655 0.70487 0.691659 0.622387 0.672305 0.684706 0.726131 0.797207 1.01895 1.08199 1.33606 1.88646 2.2205 2.81171 3.23781 4.25092 5.50017 12.6679 8.17364 10.016 13.2197 15.5543 18.204 17.9742 23.8877 19.0897
113.283 91.4434 75.7431 54.3421 43.2688 45.3579 37.0456 23.4951 24.4014 14.804 14.8784 13.2823 7.7473 7.75009 5.21106 4.65077 3.93415 2.75257 2.39386 1.79742 1.61504 1.30358 1.02507 0.963348 0.857812 0.852941 0.767151 0.799562 0.812529 0.785997 0.907543 0.89013 1.05684 1.31789 1.50525 1.91003 2.54737 3.42604 3.36709 4.12657 5.7191 7.04308 7.52536 9.5216 13.678 15.1326 20.9221 22.0543 20.1665 106.748
109.825 105.812 70.4995 52.2634 42.4784 30.0055 39.3168 27.1524 23.4869 20.6723 17.2961 12.475 10.0663 6.35509 5.37904 4.84976 4.49561 3.30074 2.53033 2.18838 1.77619 1.54592 1.25506 1.02641 1.04964 0.885037 0.903097 1.01499 0.92871 1.00413 1.0188 1.18106 1.27202 1.54591 1.80501 2.16219 3.28596 3.12999 4.26857 5.85499 6.03871 6.70553 10.2539 10.8555 12.7486 15.9832 22.0234 23.3658 26.9374 110.128
93.508 98.6178 80.5914 56.4718 53.5387 49.4684 59.2786 28.3183 20.8422 17.6167 15.0666 13.6185 8.34088 8.64107 7.37471 5.37349 4.36322 3.91354 3.0257 2.90908 1.87663 1.71611 1.53573 1.21084 1.07042 1.02801 1.2167 1.14099 1.14429 1.13676 1.39038 1.3749 1.54099 1.6717 2.13396 2.33575 3.10673 3.61706 4.489 5.14575 6.59276 7.90735 9.77746 13.9921 13.0431 17.2607 21.7098 23.8278 16.5387 108.905
13.4098 105.721 81.5533 63.6628 92.2435 47.3289 33.0284 31.7909 15.4472 20.4086 18.9908 10.9418 11.3878 8.90662 7.19398 5.4666 5.18994 4.06298 3.55012 2.73222 2.14704 2.23254 1.68495 1.42055 1.20124 1.29711 1.3237 1.37147 1.37354 1.40864 1.6467 1.75638 1.85362 2.08783 2.23559 2.61612 3.22061 4.05423 5.88145 6.6463 6.88054 9.87218 10.5385 12.6331 13.4465 18.3377 22.7039 23.1202 34.1261 114.344
13.2834 58.5245 97.0931 65.4257 61.889 52.5333 47.1699 34.1929 24.9931 24.5497 15.3395 11.3833 11.5369 8.69645 8.05906 6.22348 5.17113 4.49943 3.80203 3.21763 2.53657 2.23224 2.06425 1.86635 1.65979 1.62803 1.63852 1.68092 1.64318 1.81704 1.91942 2.10628 2.13298 2.68353 2.93417 3.35951 3.86289 4.63383 6.22648 6.84241 8.58508 9.89748 12.6286 14.344 15.9066 16.1735 27.7345 27.7184 32.6945 7.85975
69.0368 123.658 83.9345 73.0921 75.9062 57.2901 45.454 40.4532 32.7965 21.1523 19.5098 14.3575 12.3885 12.156 8.23082 7.12143 5.46676 5.20463 4.13669 3.71721 3.3986 2.73136 2.54133 2.5103 2.17484 2.18938 2.33569 2.04185 2.0002 2.10332 2.46087 2.4241 3.0372 3.24713 3.8463 4.27734 4.48922 5.48651 6.72259 7.78483 10.1016 11.9416 11.6642 17.3708 19.3074 20.0059 30.4373 21.9703 26.1247 33.2497
126.073 103.978 103.967 74.5401 72.9833 46.9589 59.1874 35.4114 12.2377 28.3766 20.6941 17.0497 14.3167 12.1565 9.55227 7.46873 5.73096 5.50483 4.57909 4.15391 3.72012 3.46112 3.42297 3.04839 2.79398 2.76439 2.43228 2.64371 2.84429 2.70517 2.912 3.7545 3.46693 3.71705 4.26356 4.76036 5.1897 6.60945 7.49183 8.1788 10.5373 12.5101 13.3513 16.9945 17.8202 26.0857 26.2443 36.7082 37.8813 15.9551
136.173 126.635 106.378 109.556 72.7768 53.3171 43.6788 45.1405 35.207 30.5017 23.3281 18.773 14.622 11.5014 9.77709 7.75039 6.7092 6.85705 5.83091 5.21335 4.62593 3.83931 3.57493 3.45259 3.4309 3.09534 3.0704 3.13689 3.25655 4.01013 4.29902 3.6502 4.04301 4.66039 5.51556 5.69174 6.43311 7.42974 7.80968 10.0954 10.8086 11.9665 14.7035 18.1845 21.1729 25.9767 31.7751 93.5473 46.9844 16.2044
53.8743 121.362 15.1326 115.594 81.7146 55.0453 30.8547 82.3115 36.8778 30.3201 44.1864 20.2554 14.5765 14.4179 12.2123 10.0658 9.44922 7.33731 6.14242 5.70238 5.67189 5.13707 3.98665 3.99101 4.18925 4.90802 3.86827 3.71395 4.67057 4.19362 4.15174 4.94226 5.1359 7.02068 8.17991 7.223 10.206 11.0508 11.4634 10.6518 14.4838 17.2125 15.728 17.8282 22.8059 52.0623 42.8447 35.8906 47.251 87.8587
22.649 18.9228 13.6909 10.7853 51.3058 78.7582 34.7631 52.4785 45.4489 34.087 22.3097 18.7539 15.8853 15.2011 10.6989 9.98139 9.91611 8.72222 7.88555 7.70059 7.08346 6.49085 5.3943 5.625 5.86149 5.93742 5.04311 5.65031 4.79685 5.3577 6.47546 5.90624 6.6774 8.42864 8.61122 9.93773 11.6521 18.3249 11.8631 14.7221 14.2653 14.9496 20.3981 25.9356 32.6357 33.0456 35.2483 30.4777 30.1368 205.463
140.958 136.861 135.278 106.561 53.105 58.6508 61.123 57.7281 48.2311 31.7334 27.9121 25.4766 19.8366 14.9336 17.6675 14.2374 11.2907 9.75802 9.09852 7.98796 8.61468 8.24007 6.93712 6.41855 7.79949 8.23806 6.32282 6.44556 6.15148 6.14991 6.62157 7.92966 8.10786 10.0854 10.4756 17.7863 12.8416 11.7671 16.1381 14.7128 18.2466 20.5502 22.993 25.3189 38.9854 32.7356 26.3789 27.1416 23.2824 104.431
237.334 149.103 41.3844 52.9242 117.232 99.5735 142.666 50.1917 42.3674 33.2925 29.0224 23.2318 20.6879 17.841 17.7337 18.6408 14.1026 12.4695 13.7635 10.178 10.1165 8.09485 7.89759 8.07544 8.34937 9.66056 8.22745 6.69061 7.72534 8.46918 11.165 8.26691 9.47046 9.29084 11.1365 12.9003 13.086 13.9424 18.2319 10.0799 14.2044 25.06 27.2073 47.0131 18.4241 29.4468 22.4731 23.9815 23.9548 17.5101
35.3114 44.3393 172.506 26.2698 113.73 15.0251 19.6068 58.3067 55.159 50.7061 33.3188 31.7443 26.3617 27.7901 26.1016 21.2627 19.4655 19.8705 14.4627 13.2405 11.2855 11.0715 11.1648 10.5269 12.3777 10.5269 11.5279 9.78963 8.65895 11.3908 11.2004 10.5782 12.5981 17.0394 13.5278 15.9004 17.7524 14.4359 21.6548 30.4847 22.9433 20.875 21.7758 18.1449 17.9574 22.8834 13.1845 17.6798 21.3808 30.5016
8.69004 18.9631 157.207 139.38 17.5043 6.14825 74.6154 72.7962 38.2961 59.156 36.1462 39.5158 29.2222 31.8022 25.9413 19.7973 23.6873 19.0018 20.422 20.5473 16.7143 16.6628 15.4568 16.2106 16.393 15.6568 14.8092 12.1726 11.9386 13.7813 13.6121 11.5903 16.4628 14.0544 15.3116 15.2671 15.9379 17.2311 17.8522 22.721 19.1821 23.1125 20.0078 14.7478 14.1992 15.292 14.1965 12.9612 14.3684 12.676
46.4876 278.116 187.464 88.9592 26.2994 110.883 53.9568 54.8401 70.0788 29.3334 58.8093 53.074 97.1894 38.1235 29.0238 29.466 27.5967 25.9954 26.5001 23.8745 22.5558 20.3573 19.7269 17.4584 19.6876 13.7738 17.1482 16.8283 13.4402 15.3368 17.0409 14.9012 17.5571 20.375 18.2244 19.2361 22.551 16.3353 15.1533 11.6448 16.1101 10.1583 12.1884 13.0514 11.3089 13.769 11.5866 11.1452 10.4436 48.6532
18.088 193.252 275.831 164.942 288.708 147.359 13.0662 80.6561 105.563 107.61 55.8336 77.9934 52.1616 43.1447 38.3239 29.3904 34.9518 28.0071 24.0941 26.5029 23.0941 22.9377 22.8262 23.7564 18.0837 20.4673 21.0069 23.453 17.9222 15.8865 16.6224 17.1033 19.7572 17.9766 18.6646 13.0894 15.5814 12.2618 14.1562 13.0156 9.38794 11.3449 11.9874 9.66022 9.38672 9.54117 17.969 12.5663 11.9258 10.883
221.456 47.4211 216.585 164.155 163.903 46.7805 93.3668 73.4311 80.4243 77.1846 124.437 74.4041 12.7823 29.8723 41.9891 47.4655 45.0726 33.7905 34.9066 35.2818 27.9889 25.8506 27.9608 26.5939 26.8438 25.0375 26.6395 27.0473 27.6963 24.7706 19.3206 18.9354 18.3646 15.0449 13.4352 14.1789 9.9177 11.2078 8.99208 18.928 8.78962 8.48486 7.9305 7.24392 7.39834 9.86387 8.70476 8.51362 9.38021 188.927
10.5823 188.467 14.3899 183.002 19.0806 119.157 144.53 25.3679 99.4898 99.6519 69.3725 62.3136 88.473 63.2354 56.8471 40.6268 48.1262 38.3163 34.7558 74.542 39.4962 35.8214 36.5735 35.7304 30.2338 29.0314 35.9858 29.2583 28.9299 25.7301 20.2752 18.1498 17.4878 14.3346 10.9228 9.9068 8.81264 9.53827 7.39356 6.68785 8.40355 12.9348 7.66396 6.17642 7.46474 7.17661 7.62244 6.54371 7.80478 21.0681
41.9844 3.67594 7.694 64.7087 182.313 31.5975 170.958 207.235 26.7573 76.1752 174.813 101.959 52.3653 52.8337 54.165 62.166 48.5525 45.9617 48.8323 52.0778 38.3687 47.2671 44.2525 43.6532 33.2924 37.7061 58.0002 34.1031 59.4326 27.1167 21.6684 18.727 12.2019 13.2557 9.36555 8.96107 6.97738 6.87937 6.35555 6.42573 6.21806 5.47268 6.45309 5.04954 6.54915 5.15221 6.27169 6.17378 5.49128 0.455831
2.16859 58.8953 2.93359 9.1605 182.791 198.693 35.0884 146.817 128.917 118.231 123.459 84.1081 87.3398 15.4844 9.8379 98.5952 76.0849 62.3418 62.3745 52.6363 61.0643 47.1267 62.4257 53.4695 52.6375 45.1527 35.1335 28.4198 23.1923 22.661 15.2369 12.8364 11.105 10.0308 9.11603 7.14771 6.53907 5.96258 4.9372 4.69681 4.35364 4.42159 3.98534 4.89451 7.2507 5.3215 4.72264 4.29173 4.00247 0.0130699
1.34117 104.238 4.93104 36.3747 8.45035 18.3516 198.201 119.539 158.356 152.466 113.403 26.7902 115.007 88.6841 24.5534 59.6882 59.9335 24.8012 74.28 81.3451 61.4218 9.87787 65.7067 55.4175 43.1628 43.9803 28.9174 26.5462 21.1718 17.1402 16.7262 14.8408 9.55299 8.89114 6.89322 7.11061 6.04012 5.13338 4.44876 4.05859 3.53895 3.86472 3.42382 6.09149 3.48872 3.70988 3.71743 3.83724 3.52833 0.44335
0.838475 1.00117 1.39405 2.02503 1.31041 40.7304 232.608 163.726 188.182 34.7002 178.464 16.7203 23.2032 88.5172 111.178 22.8445 81.5426 109.731 89.8124 105.013 26.3398 74.6621 51.6524 41.7582 41.3296 31.5935 31.4681 22.7712 16.4761 16.534 13.1642 12.0048 9.51286 8.05966 6.92448 6.43118 7.3109 4.30573 3.40831 3.2675 2.89202 2.94993 2.91254 2.84842 2.71802 3.12332 2.77531 2.62044 2.73338 2.76551
0.317844 22.0346 69.5509 0.833999 50.9649 15.3985 216.499 48.051 20.953 187.824 84.4847 24.3203 16.0117 29.1346 161.853 133.019 122.462 128.879 50.2949 122.979 96.6965 63.1683 47.3916 38.1459 40.5065 35.7532 28.2868 20.0774 16.6153 17.1689 11.2464 12.8131 10.1895 7.99407 5.70519 4.99821 5.2734 3.93558 3.26362 2.83217 2.46622 2.55505 2.37331 2.289 2.50513 2.22745 2.17201 2.31482 2.04054 0.0481429
0.187798 2.71665 8.78231 0.816951 2.37377 174.525 232.924 25.3989 247.875 20.5473 19.3927 183.75 191.457 145.784 163.906 163.313 117.509 136.067 170.188 103.537 158.62 65.6173 54.1424 46.0615 38.2345 32.9494 25.5922 20.1206 15.9712 12.9689 14.01 10.4609 8.13231 6.52371 6.143 5.16231 3.53784 3.79647 2.94408 2.28872 1.94465 1.95583 1.78315 1.84441 1.7039 2.04369 1.91502 1.85443 1.89346 0.0527858
0.0473648 0.448426 0.55484 0.0550765 3.03703 6.07825 30.556 13.5432 240.073 243.829 92.8733 16.7056 210.095 29.522 215.394 201.471 97.9768 132.771 136.58 83.0669 86.3132 69.1651 115.561 52.199 34.0315 29.7196 21.2396 20.1499 17.096 14.6328 11.0365 10.1097 8.43561 6.2832 4.92258 3.62027 3.7761 2.70594 2.5252 2.02397 1.69947 1.46875 1.40757 1.3188 1.6753 1.44121 1.48779 1.57623 1.47732 0.0418138
0.0655022 0.0360056 0.0608692 0.0596486 0.110553 0.204938 0.822754 58.4382 13.5496 214.302 171.547 7.20139 17.125 234.389 14.8361 12.0627 12.3397 150.431 117.853 89.8225 75.9357 58.6824 50.7435 45.8628 35.4759 36.1733 19.8491 20.2036 28.7619 11.8133 9.52206 9.05832 6.05852 5.56487 4.78315 3.60083 2.69414 2.51589 2.00948 1.72756 1.55759 1.29029 1.2366 1.09799 1.11664 1.09468 1.16755 1.25077 1.2278 0.0321957
0.0943062 0.020206 0.0424096 0.0783223 0.046568 9.47421 0.686889 60.9941 4.25972 7.22492 16.867 2.97365 4.2312 3.75017 4.73242 1.18799 20.3202 28.4478 122.101 100.815 69.2459 60.3654 47.1563 20.8047 31.7976 28.5199 24.1176 18.2555 16.8745 10.791 10.2903 8.00607 5.32022 4.88494 3.66381 3.02905 2.47586 2.10709 1.816 1.55846 1.31886 1.16365 1.0319 0.966535 0.90498 1.05773 1.00827 1.04839 1.0925 0.050678
0.0511246 0.043907 0.0305052 0.038597 0.0354301 0.308334 0.69142 20.7124 0.419299 14.8183 102.886 0.792527 0.163348 16.8053 1.43799 89.6694 4.29824 128.29 111.067 77.2379 65.4066 57.6555 55.2466 61.5527 39.8435 26.3652 23.4198 16.0747 12.546 11.8051 8.39977 6.33569 5.85163 4.11494 3.4778 3.43581 2.32181 1.91041 1.51299 1.36772 1.36573 1.02316 0.886131 0.865195 0.775346 0.865977 0.819349 0.90845 0.902831 0.0230101
0.0582554 0.127543 0.0439298 0.0394752 0.037285 0.0345604 0.0953544 0.187315 0.195244 0.790577 34.3847 0.695257 0.189074 0.734441 22.8376 7.80469 20.6755 88.5383 147.666 73.6508 72.8941 51.231 41.98 24.7035 29.764 39.5003 19.8028 17.7717 12.4217 11.9414 8.22169 6.45321 4.95323 3.85108 3.07639 2.96432 2.36142 1.79364 1.35506 1.15736 1.0448 0.867304 0.778949 0.700841 0.67913 0.639264 0.693784 0.74208 0.764297 0.0289875
0.0693779 0.0666096 0.0541932 0.0498752 0.0410164 0.0368319 0.0377031 0.0592268 0.230224 0.16318 0.169436 0.37255 4.59358 11.1403 43.0828 57.0508 184.621 121.301 47.029 87.702 75.4382 89.2819 44.5476 35.5177 27.4393 24.4623 20.7623 14.2786 13.407 9.60185 14.7725 5.64525 4.6934 3.69635 3.23657 3.0294 2.19106 1.67626 1.26429 1.17455 0.997268 0.783865 0.724143 0.586313 0.56462 0.532303 0.595475 0.627766 0.600957 0.0551332
0.0564823 0.0293677 0.0395466 0.0359063 0.0397916 0.0578276 0.0370239 0.0476569 0.857718 0.829539 7.58984 6.84366 15.7272 213.36 181.77 144.995 21.8518 113.877 106.26 193.191 88.0415 53.6278 42.2959 29.7309 24.9609 20.4527 20.3649 15.3295 11.8515 10.9468 6.98877 6.00424 4.79915 4.03132 3.2321 2.74911 2.0298 1.52326 1.29606 1.16073 0.870291 0.710305 0.606922 0.610029 0.491594 0.506173 0.540009 0.564678 0.580789 0.0388708
0.0872264 0.0511467 0.0669786 0.0221481 0.0345015 0.162483 0.0316877 0.0558919 0.392333 7.77489 20.9174 18.4745 233.584 228.88 20.6659 177.988 75.4601 127.384 22.1478 90.0761 77.3525 63.8485 50.4369 36.7778 32.4878 22.9281 16.1454 18.095 12.2577 11.1641 7.92693 6.75959 4.79297 3.89583 3.03758 2.63413 2.03864 1.57746 1.26102 1.15153 0.893594 0.687877 0.587197 0.548586 0.528746 0.430574 0.51184 0.529235 0.537311 0.0676824
0.0755553 0.0299319 0.0352451 0.036135 0.0342172 0.0324049 0.0590807 0.10358 0.0735671 0.209562 1.31404 130.879 30.0106 35.1517 17.1513 52.0346 123.7 7.72439 11.7217 87.3195 57.0504 61.9689 49.3261 39.9571 26.293 21.2995 22.4764 16.3892 13.5338 11.3296 8.75416 5.93237 6.09364 4.20357 3.0507 2.82412 2.00677 1.75084 1.30992 1.22694 0.933327 0.742083 0.599809 0.540886 0.478308 0.501777 0.455746 0.511089 0.541032 0.0345167
0.0467626 0.0410409 0.0306418 0.0705024 0.0472656 0.0423377 0.0399156 0.0413588 0.0293079 0.0285185 1.02372 1.1991 1.56741 0.614029 1.54493 16.8212 69.3617 17.2852 30.3216 85.46 119.49 49.6093 49.0812 41.347 31.2452 39.9683 19.1883 18.1562 19.1022 12.6212 7.94204 6.25203 4.98791 4.06641 3.26891 2.46504 2.01514 1.68375 1.36303 1.14905 1.04243 0.886809 0.713145 0.65494 0.638259 0.523503 0.48201 0.499867 0.486274 0.0573026
0.0275052 0.0875603 0.084831 0.0518958 0.0285538 0.0722615 0.0666108 0.061404 0.0353242 1.0451 0.0359307 3.49041 12.1914 3.51881 2.27346 22.5255 165.294 122.247 48.6984 74.3082 52.6822 48.4201 43.0478 37.6217 33.713 19.5117 21.187 16.6402 20.6557 10.8477 6.98441 5.82872 5.65106 4.33707 2.81929 2.4645 2.03079 1.61533 1.47208 1.30225 0.985696 0.838731 0.84749 0.7536 0.719772 0.670547 0.573992 0.599281 0.579039 0.0674547
0.0207351 0.056555 0.0271915 0.0493346 0.0468605 0.0430544 0.0243721 0.103829 0.134658 0.0844662 0.048581 4.40959 208.008 4.10547 3.13483 142.999 39.1814 150.973 128.939 103.352 76.8771 51.5658 43.3679 39.5032 31.6611 24.1023 21.2562 16.0173 12.86 12.0406 7.19402 6.06357 5.0419 3.87908 3.36424 2.54759 1.91645 1.81469 1.60349 1.28044 1.10555 0.977452 0.857408 0.825832 0.78842 0.847865 0.80523 0.736883 0.632607 0.0298696
0.0286872 0.0845572 0.024103 0.0253862 0.0276518 0.0546885 0.0568679 0.0387724 0.0482317 0.0759404 0.22486 4.16991 16.3674 63.5656 13.2919 7.53383 78.7723 111.561 114.411 20.1493 76.211 57.3446 60.5 34.2088 29.9023 23.4648 22.1495 19.1678 12.385 9.81593 7.28416 6.6938 4.92226 4.42077 3.46702 3.21672 2.63413 2.10069 1.78872 1.48517 1.27003 1.20929 0.980782 1.03505 0.931158 0.949416 0.888082 0.787874 0.825845 0.034703
0.0341344 0.0395188 0.0200524 0.0263804 0.0184656 0.0190206 0.0185697 0.0309649 0.0827267 1.81538 0.328523 40.6129 1.01417 0.832222 7.41631 164.845 14.1181 37.4898 134.264 100.811 81.2859 56.7514 42.8103 34.2655 38.864 25.3047 20.4923 18.2398 12.5704 10.673 8.73213 7.47423 5.35318 4.55143 3.84057 3.23721 2.69466 2.24281 1.90764 1.72445 1.37527 1.39125 1.16124 1.11547 1.1219 1.01357 1.04512 0.962296 1.0365 0.0231307
0.0429632 0.0411721 0.0446322 0.101903 0.143829 0.0170761 0.0448603 0.0647647 0.0418883 0.0939848 0.348553 13.6092 4.96422 6.27782 14.5905 203.411 196.396 73.4161 129.62 104.529 52.1866 62.2979 41.9553 38.3351 42.1288 29.0644 23.9687 21.9377 15.561 11.4836 8.65849 9.43305 5.94011 4.6505 4.56336 3.20581 3.12458 2.47848 2.13932 1.84986 1.7827 1.74339 1.4716 1.36739 1.34959 1.28152 1.27531 1.23843 1.27417 0.0960629
0.0461895 0.0635371 0.0289535 0.060399 0.0260624 0.0258143 0.07436 0.0629032 0.0694577 0.108756 0.121283 0.152984 3.74824 13.7195 240.116 189.962 138.075 151.943 15.3502 95.5147 91.062 67.0354 54.6703 17.5822 42.3507 31.3357 18.5677 19.4268 16.4071 14.3055 11.4338 8.32524 6.94722 5.26498 4.92579 4.7643 3.47726 2.83632 2.52724 2.40044 2.01424 2.07486 1.8956 1.60797 1.48905 1.61016 1.61141 1.48138 1.46131 0.0294919
0.0974899 0.0461103 0.0562993 0.0383033 0.0295109 0.0552105 0.0815609 0.0459504 0.0403424 0.316588 0.0487832 0.0779398 3.67257 213.118 220.971 202.81 179.388 31.0649 116.899 93.5599 85.9142 76.1231 52.8336 83.1878 46.3125 26.8169 22.0767 19.1067 20.1388 16.3786 24.8444 10.7285 7.24476 6.60277 4.89545 4.99491 4.21115 3.27738 2.81571 3.14868 2.65604 2.63964 2.07725 2.02327 1.87278 1.8877 1.79981 1.67973 1.67912 0.0700011
0.0414022 0.0271244 0.031813 0.0240209 0.0610022 0.0488084 0.180494 0.0339031 0.0482133 0.121815 5.61714 8.03904 4.2674 9.25424 109.877 70.5222 184.249 140.122 107.135 102.582 87.6353 63.9563 61.3732 39.6692 48.3594 30.6644 28.3482 22.5854 18.5596 13.3485 12.9572 10.3439 9.51081 6.48401 5.75204 5.20683 4.17788 3.60899 3.94508 3.66333 5.69034 3.04386 2.35067 1.97304 2.39816 2.12845 1.93397 2.28633 2.01545 