3 15 0 2 3 6 0 0 0 0 0 0 7 0 0 5 0 0 0 0
0 0 0 0 0 0 4 7 0 1 1 0 0 1 0 0 0 10 0 0
6 0 0 3 0 0 7 2 0 6 3 6 0 0 5 0 0 0 5 0
1 4 0 1 0 1 4 3 7 0 3 3 4 3 3 0 0 0 3 4
4 0 5 7 3 0 1 0 5 0 0 0 0 5 5 3 0 4 0 0
4 2 0 0 7 0 0 7 0 0 0 0 0 4 3 0 0 0 0 2
5 1 0 2 7 0 0 4 0 0 11 0 8 0 0 0 0 0 2 0
0 8 2 0 0 0 2 0 6 0 0 0 0 0 4 2 0 2 3 5
0 8 0 4 0 9 9 0 0 0 0 0 0 0 0 0 0 9 10 0
2 0 0 3 2 1 0 4 1 0 5 0 6 8 0 0 0 0 9 0
5 1 0 2 0 10 0 0 0 0 0 0 1 0 0 3 6 4 5 4
0 9 2 0 0 1 0 0 0 7 10 2 10 0 0 4 0 0 2 0
0 0 0 0 5 7 12 1 1 8 1 0 0 4 5 0 2 0 4 7
0 0 1 0 5 1 0 0 1 0 3 4 0 1 1 6 0 4 8 2
0 2 0 4 0 8 0 0 0 6 4 0 1 0 2 3 0 2 0 4
3 4 0 0 3 5 0 4 9 0 0 2 7 0 0 0 1 0 7 11
0 1 3 0 0 9 0 0 8 6 0 1 0 0 0 0 10 1 0 3
2 0 0 1 0 0 5 0 4 0 0 0 0 0 0 1 4 0 2 11
0 1 0 5 5 0 5 7 0 10 0 0 0 0 5 2 6 6 2 0
0 5 0 5 0 12 5 0 0 0 0 12 4 7 0 0 6 0 1 0
0 3 0 0 0 2 1 0 2 0 5 0 0 2 1 0 3 0 0 6
0 5 0 0 0 3 4 2 0 1 0 0 5 11 0 0 0 0 4 3
2 0 0 5 0 2 3 0 2 6 2 0 1 3 0 0 0 0 0 0
0 0 0 0 1 0 2 0 0 6 6 0 7 1 0 0 0 3 0 5
4 5 3 0 0 0 0 0 5 2 0 0 0 0 0 0 0 2 5 0
3 0 1 5 0 6 4 2 3 0 0 4 4 0 0 0 0 4 2 11
0 11 4 3 0 1 4 0 1 0 0 0 2 4 0 12 8 0 2 0
0 0 0 2 0 0 0 0 0 0 0 1 11 0 0 2 6 0 0 6
1 0 1 0 3 1 0 1 1 0 4 0 5 3 0 7 0 7 0 2
2 0 5 5 0 0 7 6 11 0 0 0 3 0 6 2 2 7 3 0
0 3 3 0 0 0 0 0 2 1 0 3 0 4 0 0 4 3 0 0
8 0 2 0 0 0 0 2 2 0 7 0 0 3 0 3 5 0 0 2
0 5 0 2 0 2 1 9 0 8 2 0 0 0 10 0 5 0 0 0
4 8 0 10 4 0 0 0 0 5 0 0 3 0 0 1 3 3 0 0
3 1 6 0 0 0 2 0 0 9 0 1 0 3 0 0 0 2 0 9
0 0 0 0 0 2 3 4 0 9 3 0 0 0 2 3 0 0 2 0
0 0 0 1 0 0 0 1 0 2 3 6 3 0 0 0 0 0 0 7
1 0 0 0 5 2 0 0 0 8 2 0 12 1 0 0 0 0 0 0
0 0 2 0 5 0 0 4 2 0 4 0 1 0 2 0 0 0 0 2
0 0 1 12 0 0 0 7 0 0 0 0 0 0 0 0 0 0 0 1
6 0 2 2 0 0 0 7 5 1 0 3 0 7 5 1 8 0 0 0
0 0 0 11 0 0 0 5 0 4 0 2 0 0 0 0 0 4 0 0
0 0 5 6 0 0 2 0 5 0 0 0 0 1 0 0 2 4 0 3
0 2 0 0 0 6 0 2 0 0 0 0 2 0 8 0 1 0 0 3
0 2 4 10 0 4 4 0 0 1 0 0 0 1 1 0 2 7 8 7
6 8 2 2 3 0 2 10 4 0 0 11 2 0 1 0 2 0 5 0
0 0 0 0 2 0 7 0 5 0 3 1 4 0 0 0 7 0 0 2
0 0 4 0 1 0 0 1 1 10 0 2 1 0 0 1 0 0 6 0
0 0 0 1 0 0 2 0 0 12 4 0 3 3 0 0 0 0 0 5
0 4 8 9 1 1 10 0 1 2 0 3 1 0 11 2 0 4 1 1
0 0 1 0 13 0 0 1 2 0 8 0 2 0 0 4 2 6 0 6
0 0 2 0 2 0 4 0 0 2 0 0 0 5 0 0 0 1 0 2
3 0 0 3 1 5 4 0 0 0 3 1 0 2 0 0 1 0 8 0
8 0 3 4 0 0 0 0 0 1 0 0 0 0 0 4 2 8 0 0
2 3 11 0 0 1 0 4 2 0 0 3 0 5 0 0 0 0 0 2
0 3 0 0 0 7 1 5 8 8 0 0 5 1 4 1 4 7 0 1
6 0 0 0 0 0 0 0 0 3 0 0 0 3 0 6 0 3 0 0
2 0 0 0 1 7 1 0 5 0 3 5 0 0 4 0 0 2 0 4
2 2 0 3 0 5 1 0 0 0 0 0 2 3 0 1 3 6 0 10
2 0 0 9 0 1 0 0 4 0 0 0 7 0 0 0 6 0 7 0
7 0 1 6 11 7 3 1 1 0 0 0 0 7 1 1 0 0 0 0
4 0 1 2 6 0 0 4 8 3 0 9 0 0 4 2 0 8 0 1
0 0 6 5 6 0 5 2 4 0 7 0 0 1 8 0 0 0 0 0
0 0 0 1 0 0 0 6 3 0 6 0 2 1 3 0 0 0 0 4
0 6 0 4 0 1 0 11 1 0 0 5 0 3 0 0 3 0 0 0
4 0 0 5 1 0 0 5 9 5 0 1 0 0 0 0 0 0 1 0
2 0 5 0 1 4 5 9 1 0 0 0 0 0 0 0 9 1 0 0
1 0 0 0 0 0 0 0 0 5 2 6 0 10 3 0 0 0 9 3
4 4 0 0 0 1 7 3 1 1 3 2 7 2 11 6 0 0 9 13
1 0 2 0 1 0 3 8 2 1 3 0 6 2 7 6 4 2 4 0
0 0 5 6 6 0 3 4 0 0 0 0 2 10 0 4 0 0 0 5
9 2 0 7 1 1 0 8 4 0 5 4 7 0 0 2 0 10 0 0
0 5 9 5 6 0 3 0 0 5 0 0 6 0 0 0 10 0 0 0
0 0 2 0 0 0 0 0 12 4 0 7 2 2 0 0 2 0 7 0
2 0 8 0 0 0 0 0 6 0 0 2 1 19 0 0 0 10 0 0
0 0 0 0 0 8 0 3 0 5 0 0 0 0 0 0 10 0 1 3
0 0 4 0 6 0 12 0 0 6 0 0 0 0 3 3 3 9 8 0
0 2 2 0 0 0 0 3 6 0 3 3 0 0 11 4 6 0 0 6
0 0 5 0 0 0 18 0 0 0 3 4 0 0 0 1 0 1 0 10
2 0 0 0 0 2 5 3 2 9 6 0 0 7 0 0 8 0 0 1
1 0 0 0 2 2 0 3 0 0 0 0 0 1 0 7 2 0 4 7
9 5 0 0 0 0 0 0 0 0 2 2 0 0 6 11 0 0 3 5
0 0 0 0 4 0 0 0 2 2 0 0 10 1 0 7 0 2 2 0
3 0 5 0 3 3 0 0 1 5 6 4 1 0 0 0 0 8 0 0
0 0 0 0 0 9 0 4 8 0 2 0 0 0 9 1 6 2 4 2
0 0 0 0 2 5 0 0 0 8 3 0 0 1 3 0 5 5 1 0
0 13 1 0 8 0 7 0 0 0 1 0 0 7 2 1 0 7 1 0
1 2 7 3 0 0 0 0 0 1 0 0 0 1 3 0 0 0 0 5
0 0 1 0 0 10 0 4 1 0 0 0 0 0 2 0 0 0 6 7
0 0 7 0 5 4 0 0 4 0 0 0 2 9 8 0 0 0 0 5
0 2 0 0 0 0 0 0 1 2 0 0 0 1 2 0 0 1 0 0
1 3 0 0 0 5 0 0 0 0 13 0 15 5 0 2 7 0 0 1
0 0 0 0 4 0 0 0 0 0 0 4 4 7 0 5 4 7 5 0
0 0 0 6 2 2 13 0 2 0 3 1 6 1 6 5 0 0 5 0
7 3 1 0 0 1 0 0 4 4 4 0 9 0 0 1 0 0 5 7
4 0 0 0 2 0 0 0 0 3 8 0 0 0 0 4 0 4 3 0
5 0 2 1 8 0 7 4 2 6 0 0 0 3 0 0 0 0 2 4
1 4 0 0 0 0 0 6 7 0 0 0 1 8 3 0 1 0 0 0
9 4 2 0 6 0 0 0 0 0 0 2 0 7 7 11 0 6 0 0
0 1 1 3 0 0 0 0 0 0 8 4 0 0 0 3 0 0 1 0
0 0 0 3 0 1 6 0 3 2 0 0 1 0 0 0 0 8 0 2
0 0 1 5 12 1 0 4 2 3 4 9 0 14 0 0 0 0 0 1
5 5 5 0 0 0 4 5 1 6 3 0 0 0 0 0 3 4 7 0
0 11 0 2 1 8 0 0 0 2 0 3 0 3 6 0 0 0 0 0
5 3 0 0 0 0 0 5 0 0 3 0 1 0 0 0 0 0 0 2
0 4 2 0 0 0 0 0 0 5 0 0 0 9 12 0 6 0 2 1
4 0 0 0 0 0 3 0 0 4 0 0 0 0 1 0 0 4 0 2
0 3 3 0 0 7 0 3 0 5 3 8 7 3 0 0 2 0 0 0
4 0 0 2 0 1 0 0 0 1 0 0 5 0 0 0 0 0 4 7
0 1 0 2 0 0 0 1 5 4 0 0 5 3 0 4 1 0 0 0
1 0 0 7 8 1 0 0 6 0 5 0 7 1 4 2 3 0 0 0
5 8 0 0 2 0 6 5 0 2 0 3 11 0 0 9 4 0 1 3
0 0 0 0 9 0 8 0 9 3 0 7 8 4 3 0 3 0 0 0
0 5 8 6 0 0 1 0 0 7 2 0 0 0 0 0 5 0 5 0
0 7 0 3 13 0 0 0 5 7 0 1 5 0 0 2 0 0 0 5
0 0 0 5 0 1 0 0 6 8 6 10 0 0 0 0 0 0 8 0
0 0 7 1 0 4 0 4 0 10 5 0 2 0 8 0 0 5 0 1
0 0 2 0 3 2 2 0 3 0 0 5 0 0 1 0 2 0 0 6
2 4 0 0 0 7 9 0 0 0 2 2 0 0 4 3 4 0 9 2
0 0 0 8 6 0 0 9 0 0 0 0 5 5 0 4 0 0 2 9
6 0 0 0 2 0 0 9 3 0 0 3 0 11 3 0 0 0 0 5
0 0 0 0 0 1 0 8 3 8 0 3 3 0 4 4 0 6 0 15
0 0 2 9 1 10 6 0 0 7 7 4 4 0 0 4 0 6 0 0
0 3 0 0 5 0 0 0 1 3 1 0 0 1 0 1 0 2 0 11
0 0 10 0 4 4 0 0 1 1 2 7 4 0 3 0 0 0 0 7
0 3 0 0 3 6 0 0 0 2 0 9 10 0 8 0 0 0 0 0
5 8 0 0 0 0 0 1 3 0 5 0 1 1 0 2 0 3 9 2
2 8 0 2 10 1 0 6 3 0 0 0 3 6 0 12 0 0 0 0
4 0 7 0 3 1 0 0 0 1 0 0 3 0 3 0 4 4 0 0
0 0 0 2 0 1 0 0 7 1 0 2 0 0 0 0 0 0 11 0
0 1 0 0 0 0 0 0 0 5 3 0 0 1 0 0 4 4 11 0
0 15 7 2 0 2 0 2 0 1 0 2 2 7 0 4 0 5 0 0
1 0 6 0 0 0 0 0 11 0 0 3 0 0 9 5 0 0 1 0
0 4 0 0 0 4 6 7 3 0 0 9 6 0 0 0 5 0 6 0
1 0 0 3 2 7 9 0 4 8 8 2 4 0 0 6 0 0 1 0
3 2 0 0 0 3 2 4 0 0 1 0 6 1 1 0 2 0 14 0
0 0 0 1 0 0 8 0 0 0 0 2 0 0 2 0 0 6 0 1
0 1 0 0 0 0 0 5 0 0 2 8 0 0 0 0 3 0 1 6
5 1 0 0 0 3 0 0 0 0 0 0 0 0 1 2 1 0 0 4
4 0 2 4 1 0 3 0 4 4 0 1 10 4 0 0 0 1 0 0
0 0 1 0 9 0 5 0 1 0 0 4 2 0 0 0 0 0 0 0
3 3 0 0 6 0 5 0 0 0 0 0 7 13 0 0 0 10 0 0
5 0 0 3 0 0 0 2 1 0 1 9 0 5 0 0 3 0 6 0
0 2 0 1 5 0 1 3 0 0 3 0 3 0 9 0 3 2 0 3
0 3 3 0 4 0 0 1 1 0 0 0 2 0 0 2 0 0 7 2
0 0 4 0 8 0 2 0 4 0 0 0 8 5 14 0 5 1 1 0
1 4 0 6 4 2 0 6 1 0 4 0 2 0 2 4 1 0 0 2
5 0 0 1 0 2 0 0 0 0 0 0 0 3 0 0 5 0 7 10
0 0 13 1 0 0 0 4 1 7 0 0 7 0 7 3 0 3 0 0
0 0 9 5 0 1 7 2 3 0 0 0 0 1 0 3 0 4 0 2
3 1 0 0 0 4 3 8 0 0 2 0 0 0 0 1 0 2 4 2
0 2 6 0 0 0 0 0 0 5 0 2 0 0 6 10 10 0 0 3
0 0 0 0 0 5 0 0 0 6 1 0 0 0 0 8 0 0 12 0
14 0 0 3 0 0 0 0 0 0 0 3 3 0 6 4 4 1 0 9
0 1 0 0 4 2 0 4 0 0 1 0 2 0 0 0 2 0 1 0
8 13 0 3 4 3 7 0 0 0 0 0 0 0 0 0 1 12 0 0
0 0 0 3 9 0 0 0 2 16 8 0 0 0 2 0 9 10 6 2
1 0 1 1 0 0 6 5 1 0 2 3 0 0 2 1 0 0 8 8
5 0 3 0 2 0 3 3 0 1 0 2 0 8 4 5 0 0 2 0
4 0 1 0 0 0 0 0 0 6 6 0 0 0 5 4 2 0 0 7
0 5 0 1 0 0 4 1 0 11 0 0 0 0 0 5 0 0 4 1
0 0 0 0 0 8 0 0 7 0 0 12 1 0 0 8 0 0 0 0
0 3 6 1 0 0 7 1 0 0 6 0 3 12 0 0 1 0 0 3
0 2 0 1 0 0 12 0 3 3 0 0 0 6 4 0 0 0 3 6
3 0 1 5 0 0 1 0 0 7 5 0 0 4 2 5 0 0 3 4
0 0 0 2 0 0 2 1 0 0 0 0 5 0 14 1 0 1 4 4
16 0 5 0 0 5 0 0 0 0 3 0 9 2 0 2 2 0 0 0
0 0 0 4 13 0 0 0 0 0 0 0 4 0 4 0 1 0 2 0
0 0 0 0 0 4 0 4 2 1 0 0 0 1 9 0 0 0 0 0
3 11 2 6 7 4 0 4 0 8 0 0 6 1 0 2 0 1 3 1
0 0 1 2 0 0 0 0 11 0 0 0 9 0 3 4 5 8 0 0
3 7 0 5 0 0 0 0 7 1 0 0 5 3 0 0 0 0 8 9
0 0 0 3 0 0 6 2 7 0 0 1 1 0 2 0 0 0 0 3
0 0 0 0 9 0 0 0 0 1 4 6 0 0 0 4 0 0 9 0
0 0 0 3 0 3 0 4 0 7 0 0 0 6 4 0 4 0 0 2
1 0 3 11 4 0 7 4 0 0 0 0 0 2 9 0 2 0 5 0
3 9 2 1 0 0 0 0 0 4 0 0 0 2 0 0 1 0 7 0
0 0 4 0 0 7 1 4 0 2 4 0 0 3 8 0 0 7 15 5
0 4 0 2 0 2 0 0 0 2 0 3 2 2 0 0 0 0 0 0
10 0 0 5 6 2 0 1 4 0 1 2 0 0 0 10 0 6 2 0
7 3 1 0 1 0 9 0 0 0 1 5 0 1 11 0 1 0 3 2
2 0 0 7 0 3 0 5 0 0 0 0 2 0 2 0 0 0 0 0
7 0 5 9 0 0 0 1 11 0 5 2 1 19 5 0 2 0 0 7
0 0 0 1 1 0 9 0 0 1 0 0 0 2 0 0 6 0 0 0
6 9 5 0 0 0 0 0 0 0 0 0 0 0 9 4 8 0 3 0
8 0 6 1 0 2 3 0 4 0 8 5 0 3 27 5 0 0 4 0
2 0 8 5 4 7 0 3 0 0 7 0 0 3 4 15 5 2 0 3
0 3 0 0 0 0 9 0 2 7 3 0 0 0 0 3 0 0 0 4
7 0 0 3 0 0 0 6 0 0 5 0 0 0 3 0 0 3 0 1
0 1 0 6 0 0 1 1 5 2 0 4 0 0 0 0 8 4 5 0
7 3 0 0 2 5 2 13 1 0 0 2 9 0 1 0 0 0 0 0
0 3 0 0 0 4 1 0 3 6 5 3 0 0 0 1 5 1 8 13
0 4 5 13 0 8 0 5 0 0 4 0 10 0 0 0 0 0 0 0
3 7 7 6 0 3 1 3 0 2 3 0 0 2 0 3 0 0 0 13
6 0 3 0 0 0 0 0 0 2 0 0 1 0 0 0 0 0 5 0
8 0 0 0 1 0 4 0 1 0 4 0 0 0 0 3 1 0 0 0
10 8 0 0 1 5 1 0 0 0 0 1 2 0 2 1 0 0 6 0
3 0 0 0 0 0 0 7 3 4 2 0 0 0 0 7 0 2 4 3
10 2 0 8 5 2 0 0 8 9 0 4 1 0 8 0 0 0 0 0
0 7 0 0 0 5 6 4 0 3 0 0 0 7 0 0 0 9 0 0
1 1 10 0 2 3 0 3 1 0 0 4 0 0 2 0 3 0 0 3
4 0 0 0 0 0 0 0 0 0 0 8 0 0 0 0 1 0 0 0
9 12 3 9 0 2 0 3 4 0 5 0 8 5 0 5 0 3 0 2
0 1 0 0 0 8 5 1 6 8 0 4 0 0 2 0 0 0 0 0
7 5 0 2 0 3 1 0 0 0 0 4 1 0 6 9 0 0 4 0
0 1 0 0 8 0 1 0 3 0 0 3 0 16 28 6 0 0 4 0
0 0 8 8 0 0 0 9 4 0 5 3 4 0 7 13 8 0 0 6
1 2 0 0 0 9 0 5 0 3 0 0 0 6 1 3 0 0 6 0
0 0 8 0 0 0 0 0 5 2 4 1 0 4 0 3 5 0 2 5
2 7 1 0 0 0 0 9 3 0 2 7 0 1 0 0 2 0 5 6
2 3 0 3 0 0 6 2 0 1 0 0 5 2 0 1 8 0 0 0
3 5 4 3 0 0 5 2 10 4 0 0 0 0 2 6 4 1 0 0
0 1 0 0 12 0 4 3 0 0 3 0 0 6 0 0 1 3 4 8
4 0 9 0 4 0 1 1 1 0 0 0 0 5 0 0 0 0 0 0
0 6 0 3 0 0 0 4 3 0 5 3 0 0 0 0 0 2 7 0
0 0 0 0 5 7 3 0 2 0 0 2 0 0 0 2 7 7 0 0
0 0 1 8 5 5 0 4 0 5 9 0 0 0 8 0 0 0 0 1
0 0 0 4 0 1 4 0 0 0 0 0 11 0 0 1 0 0 0 0
0 0 4 0 0 0 0 0 0 0 2 3 1 2 0 0 0 0 0 0
2 6 10 2 4 0 1 0 0 0 5 0 0 11 1 0 0 0 3 0
9 0 0 0 7 0 0 3 1 4 0 1 0 0 0 0 0 6 3 5
0 5 0 0 0 1 0 0 0 4 0 0 0 2 1 2 0 0 0 1
0 0 0 0 0 0 0 0 9 0 0 3 0 0 0 0 4 0 0 3
0 0 0 0 0 0 1 2 3 0 3 0 7 0 4 3 2 4 11 0
4 0 12 0 0 2 0 0 5 0 9 0 6 8 15 11 5 0 4 0
0 1 7 0 3 0 0 2 0 0 0 7 1 2 47 13 0 10 0 1
0 0 0 0 0 0 0 0 12 9 0 0 0 8 6 16 0 0 4 17
0 5 0 6 5 0 0 0 2 0 3 0 0 2 4 0 7 0 2 0
0 0 0 7 7 2 2 0 5 4 0 0 1 5 2 1 0 0 0 0
5 0 0 0 0 5 0 2 0 0 3 1 0 0 8 0 4 3 0 0
0 0 3 0 0 0 0 4 5 0 4 2 1 2 0 6 10 2 3 1
1 0 8 0 0 0 2 0 4 7 0 0 0 0 0 0 17 0 0 0
0 0 2 3 3 0 2 2 0 0 0 0 0 0 4 6 3 0 0 0
6 0 0 1 2 0 3 0 0 4 0 4 7 0 7 0 1 0 0 0
0 2 6 1 0 0 3 0 3 0 3 6 0 4 0 8 15 7 6 1
3 6 0 2 1 2 0 4 0 0 0 6 0 0 5 4 0 0 0 0
4 0 8 5 6 0 3 8 7 0 8 0 3 0 0 2 0 0 5 7
0 0 2 0 1 1 0 2 0 0 0 5 3 3 0 4 3 0 0 0
4 0 2 0 0 3 1 0 3 3 5 0 1 5 0 8 8 0 0 0
0 0 1 0 0 6 0 2 0 0 0 0 0 8 0 10 0 0 0 0
0 0 4 0 0 0 0 11 1 0 0 0 2 0 1 7 5 2 6 1
4 8 1 0 0 0 9 1 8 0 4 3 0 3 0 2 0 0 4 0
4 3 11 3 0 0 0 0 0 5 2 0 4 13 0 0 1 0 0 3
0 2 0 6 1 0 0 4 0 5 8 0 5 8 0 6 0 2 9 0
2 2 1 0 0 0 2 3 11 3 0 5 1 3 19 8 0 0 0 0
0 0 1 8 2 0 0 0 10 0 2 8 0 9 65 11 4 0 0 0
0 0 0 8 10 0 0 2 1 0 0 0 7 14 7 24 2 5 4 3
0 0 0 0 0 0 3 0 0 0 0 0 0 0 0 10 1 5 7 5
0 4 0 4 3 2 5 0 0 0 0 0 0 0 10 0 2 8 0 2
0 4 0 10 2 5 0 2 2 0 0 3 1 5 0 0 0 10 0 0
3 0 0 0 7 8 1 0 3 2 0 0 0 8 6 5 0 0 9 0
0 1 0 1 9 0 5 2 5 4 0 0 3 0 10 0 6 3 0 2
0 0 1 3 0 0 6 0 3 0 0 0 1 4 4 1 0 0 2 0
5 0 0 0 1 0 0 0 0 0 0 3 0 0 0 2 5 3 0 0
1 0 0 9 0 0 0 1 0 0 8 0 0 0 7 3 5 3 0 5
0 3 0 0 3 1 0 0 0 0 0 8 1 4 1 4 2 2 0 0
6 0 8 3 9 0 0 5 0 0 0 0 4 0 0 0 0 0 0 0
0 0 0 2 0 3 0 0 0 5 0 9 0 0 0 0 0 3 0 4
0 1 9 0 0 0 0 0 10 0 2 2 0 1 0 0 6 5 0 0
6 0 8 0 0 0 2 3 2 0 0 8 0 0 3 0 0 0 3 0
2 0 0 0 0 0 6 0 2 0 4 5 2 4 0 0 10 0 0 0
1 0 4 0 5 0 8 7 1 2 0 0 0 0 0 8 3 1 3 0
5 2 0 0 7 4 0 10 10 0 6 0 0 9 0 0 0 2 3 2
5 8 2 0 6 12 0 0 5 2 0 0 3 10 12 0 0 8 0 0
0 0 8 0 0 3 4 0 0 1 0 0 11 11 27 17 10 10 1 6
2 1 1 0 0 0 3 0 0 0 0 0 0 10 93 21 1 6 1 7
2 0 0 0 4 0 10 5 0 0 0 0 0 29 8 35 7 3 1 0
0 8 0 2 0 0 0 3 9 4 9 0 0 7 5 8 10 0 5 7
0 0 0 0 7 5 0 3 3 4 2 6 6 1 0 0 0 5 11 0
1 5 5 3 0 1 0 0 0 0 0 0 3 0 2 0 4 0 6 9
0 0 0 0 0 5 6 1 1 0 11 0 0 5 3 0 0 2 3 2
0 3 4 1 1 0 2 0 16 0 0 2 0 0 12 0 0 0 9 0
0 0 0 9 0 1 4 0 0 3 6 2 1 1 0 7 0 0 10 0
12 0 4 0 0 3 0 9 1 0 0 6 0 4 1 0 0 0 4 0
0 1 0 0 0 0 0 2 2 4 0 2 1 0 0 0 0 2 8 0
0 0 0 0 0 0 0 0 0 0 0 6 1 8 0 0 2 0 4 0
0 0 0 6 10 0 7 0 2 0 0 0 0 0 0 0 2 9 12 12
0 0 4 1 0 11 0 0 5 3 7 0 4 4 9 0 0 5 6 1
3 4 1 0 6 8 0 0 0 0 0 0 0 0 2 0 0 0 4 0
0 3 0 8 6 11 6 0 1 0 4 7 3 0 1 5 0 0 0 0
0 1 4 0 0 6 0 3 0 1 0 0 3 6 6 0 3 0 0 0
0 0 7 1 0 4 7 5 0 4 8 0 0 2 0 6 0 2 1 1
0 9 1 0 1 0 7 2 0 0 7 0 0 0 5 4 0 1 0 3
1 3 2 2 6 8 0 7 0 1 8 0 1 0 12 8 10 0 0 3
0 5 0 9 0 0 0 0 0 3 9 0 6 22 45 33 9 0 3 2
0 4 0 0 0 0 0 0 0 1 0 0 10 7 102 30 18 6 2 3
0 0 0 12 0 0 0 0 3 0 3 0 0 34 31 40 2 0 0 3
0 0 0 1 0 7 0 6 0 7 4 0 3 0 2 2 0 0 0 0
0 2 4 7 0 0 0 1 1 2 0 0 0 8 0 0 5 1 0 2
0 0 0 4 0 0 0 0 5 0 0 0 0 0 2 0 0 0 2 0
4 8 0 3 7 0 7 7 3 6 0 2 6 0 0 0 3 0 0 0
1 0 0 0 0 0 0 0 0 4 3 0 2 0 0 0 0 0 7 0
0 1 0 0 11 2 5 0 0 0 3 0 0 0 0 2 0 0 0 2
0 0 0 0 0 0 0 8 1 0 9 0 0 1 0 0 0 13 0 0
0 10 1 0 6 6 8 0 0 0 0 0 0 6 0 0 0 6 0 0
0 0 0 1 6 0 3 0 6 0 2 0 4 6 0 7 0 0 2 3
0 0 0 7 0 1 0 4 2 0 7 0 1 3 0 3 0 0 1 0
1 1 2 0 1 1 0 0 3 0 0 3 0 0 0 0 8 11 9 0
0 0 0 0 0 0 0 8 4 10 7 7 4 4 0 2 0 8 1 1
4 0 2 3 0 12 0 0 0 5 0 6 5 0 0 6 0 0 0 0
0 0 8 0 0 0 1 2 0 0 1 2 0 7 0 0 0 0 0 9
2 0 0 10 2 7 0 4 9 2 1 0 0 2 4 0 1 0 0 0
0 0 1 0 3 0 10 0 0 0 3 4 0 3 3 1 0 5 2 0
0 0 1 11 4 0 0 4 5 2 2 2 16 9 26 23 3 7 12 1
0 0 4 0 0 0 3 0 0 0 1 0 8 23 58 51 16 2 1 0
0 8 0 0 0 1 0 0 0 10 0 6 5 21 135 31 14 3 0 5
0 2 0 0 0 0 0 0 0 3 3 1 3 29 26 47 20 0 0 0
8 0 11 0 0 8 0 7 0 2 5 7 5 0 7 10 4 0 1 0
4 6 0 5 5 0 6 3 7 1 0 4 0 6 0 4 0 0 0 2
1 6 0 9 0 0 2 1 4 6 0 0 6 2 0 0 2 10 0 0
0 0 0 0 9 2 5 0 5 2 17 4 0 7 0 0 13 0 0 0
4 0 2 0 4 0 1 0 0 0 0 4 9 0 2 5 0 0 0 5
4 0 0 1 7 0 1 0 0 0 0 1 0 2 3 7 2 0 0 0
0 0 4 0 8 0 0 2 0 0 7 0 4 0 7 5 0 0 1 0
1 0 5 1 2 0 0 0 3 1 0 0 0 14 0 1 5 9 0 0
0 0 0 2 0 6 4 0 0 6 0 0 0 2 2 1 0 3 1 0
7 0 0 0 0 4 0 3 3 0 0 1 5 0 0 9 4 0 0 0
7 0 0 2 0 0 2 0 0 2 0 0 0 0 2 0 0 2 0 0
3 8 3 0 0 1 3 0 3 2 1 6 7 0 0 0 3 0 0 4
6 3 0 0 5 0 0 0 2 4 1 0 0 4 3 0 7 0 5 7
0 1 0 0 0 9 0 8 0 2 3 5 0 0 0 0 0 0 0 12
2 1 0 2 0 6 7 2 6 4 0 1 7 3 0 0 3 0 1 0
0 2 4 0 6 0 0 4 4 0 0 5 3 8 1 0 0 6 1 7
1 8 0 5 6 1 3 7 0 2 0 0 0 10 30 22 1 0 2 1
0 0 0 2 1 15 0 0 0 0 3 0 14 38 73 107 24 1 8 0
0 0 6 1 0 0 0 3 3 0 0 5 15 33 135 60 28 4 4 7
1 9 1 5 9 0 2 0 7 0 0 4 2 48 61 75 14 0 1 4
0 0 0 0 3 0 4 0 13 4 0 2 1 11 21 12 12 0 0 3
1 0 7 0 0 9 0 2 0 0 14 0 0 0 0 2 2 0 0 0
5 4 0 0 6 4 1 3 0 6 0 0 2 4 2 2 3 0 0 10
0 0 5 0 5 0 3 1 1 0 0 0 3 3 0 0 0 6 6 0
0 0 8 5 0 1 0 0 3 0 0 0 0 0 3 0 0 0 6 1
1 3 0 0 1 0 2 1 0 4 1 2 0 0 2 4 6 5 0 0
4 4 11 0 2 3 0 1 8 1 4 0 0 3 0 13 0 1 2 0
0 0 0 0 0 1 0 0 0 3 0 0 0 0 10 0 0 4 0 0
3 4 0 8 1 0 0 0 1 1 7 1 11 3 0 2 4 3 0 4
10 0 9 2 3 1 0 0 3 0 0 6 1 0 4 0 0 0 2 0
2 0 2 0 0 4 0 0 0 0 0 0 14 1 5 0 0 0 3 2
0 0 2 6 9 7 3 0 0 0 4 0 0 0 0 7 0 1 1 0
7 7 2 0 4 0 1 3 0 0 2 0 0 0 0 0 0 0 0 5
3 0 0 8 0 6 3 6 1 5 0 20 0 0 0 0 3 0 6 0
1 0 0 0 3 0 2 5 5 0 0 0 4 5 1 0 1 0 1 7
8 10 0 0 6 5 0 5 3 1 4 7 8 5 8 6 3 0 0 0
1 4 7 5 0 6 4 6 0 0 1 5 16 15 80 31 8 0 0 5
0 0 6 0 8 0 0 4 1 0 9 6 23 53 83 170 42 5 0 0
0 0 2 4 0 0 2 2 0 2 5 3 10 56 146 79 30 11 0 0
0 3 0 6 0 0 0 0 0 8 5 0 0 67 95 114 16 0 0 8
0 0 0 5 2 3 0 0 4 6 0 0 1 5 65 28 5 1 0 5
0 0 4 0 0 10 2 0 2 1 0 0 0 7 10 0 0 2 2 0
12 0 2 0 2 0 0 0 8 0 0 0 0 2 0 0 1 0 8 2
0 0 3 0 11 7 0 2 0 0 0 6 1 0 11 6 0 0 0 0
2 14 6 9 0 5 6 0 4 1 0 1 0 5 0 2 0 8 0 2
0 6 0 0 0 5 0 0 0 6 0 0 1 0 0 5 0 5 2 9
0 1 0 0 2 1 0 0 0 6 3 0 2 0 5 6 0 2 0 0
0 0 0 0 1 0 0 5 0 6 3 1 0 0 0 0 4 4 3 0
0 0 0 0 4 9 0 7 0 0 0 2 2 0 1 1 0 0 0 0
0 0 1 0 0 6 5 0 0 5 0 2 0 0 0 1 8 0 8 0
1 5 0 12 6 2 0 3 7 7 0 7 8 0 8 3 10 9 1 2
1 1 0 0 0 0 3 3 0 12 0 0 0 1 0 7 4 0 8 0
0 0 0 2 0 0 2 1 0 0 0 0 0 0 0 0 0 0 5 0
5 2 3 5 0 3 3 0 0 0 0 0 0 4 5 3 0 0 0 0
0 11 0 0 5 0 0 0 0 1 0 0 0 2 2 4 0 0 0 3
7 0 2 0 0 13 0 3 0 0 1 2 6 2 0 0 7 7 0 0
1 0 0 0 3 0 2 2 0 3 0 3 14 23 92 47 18 2 3 0
0 0 0 0 0 10 5 0 0 6 2 12 29 75 93 220 49 9 0 2
0 0 5 0 4 4 0 5 5 0 2 4 11 91 159 131 44 7 0 6
1 3 4 11 0 2 0 0 1 1 0 3 3 74 135 130 25 5 6 6
0 0 3 3 0 0 0 7 1 0 0 6 9 21 97 40 20 5 0 0
1 5 5 9 4 0 5 0 0 0 5 0 0 2 3 3 7 4 1 5
0 2 6 2 0 0 14 0 6 6 0 4 0 0 3 0 0 0 0 11
3 0 0 0 1 0 3 0 5 0 0 3 1 0 4 8 2 1 0 0
0 0 1 4 0 0 0 0 0 8 2 0 2 4 0 2 0 2 5 0
0 3 0 0 3 0 6 0 0 8 0 4 4 2 5 0 0 0 0 0
6 0 8 4 4 0 0 5 0 5 0 0 1 13 0 12 2 0 0 0
6 0 1 0 0 0 5 2 10 12 0 5 1 3 0 2 2 0 0 5
1 1 4 1 0 2 0 11 0 0 5 0 0 0 0 1 0 0 1 8
0 3 1 0 0 1 0 0 3 0 5 1 0 0 0 3 1 3 5 0
12 4 1 11 1 7 0 0 0 0 0 2 0 0 0 0 0 0 0 11
5 0 6 6 0 0 6 0 0 0 5 0 4 0 1 5 1 0 0 0
0 0 0 0 0 9 4 0 0 2 5 0 1 2 8 0 10 5 0 1
0 5 7 0 0 0 0 0 0 2 0 0 0 0 5 0 7 0 0 3
0 12 9 6 1 1 0 1 1 6 0 3 4 0 0 5 0 0 0 0
4 0 3 3 0 3 4 0 0 7 0 11 9 17 6 2 2 0 0 2
0 0 1 0 5 10 1 0 6 2 2 0 26 25 102 60 37 8 5 7
0 2 1 1 0 0 0 6 0 3 0 0 34 105 89 224 75 7 0 0
0 6 1 4 0 9 3 0 2 0 0 23 37 133 152 158 72 14 0 1
4 0 0 3 0 5 0 0 1 0 0 8 24 98 171 205 32 5 0 3
0 0 2 0 0 1 3 4 0 7 6 0 16 12 117 40 39 0 7 1
0 0 9 6 2 4 0 0 0 1 3 13 1 4 15 4 6 2 8 2
0 2 5 3 4 0 0 0 2 0 0 5 0 3 10 3 10 7 0 0
0 0 5 0 0 1 0 3 0 4 0 6 0 2 0 7 0 0 0 11
4 0 3 3 0 0 0 0 0 6 0 0 0 13 3 0 2 0 7 1
0 9 0 1 9 0 0 6 11 12 0 3 4 2 8 7 3 3 4 0
0 3 3 1 0 0 0 0 3 0 2 6 1 0 0 0 0 7 3 7
6 0 0 0 2 0 5 0 0 3 2 10 0 4 0 0 2 2 0 1
6 2 0 2 0 0 0 4 0 0 0 3 10 5 0 2 0 7 8 0
4 0 0 0 12 1 3 0 1 0 4 0 0 3 11 7 0 4 1 0
0 10 3 4 5 1 2 0 0 0 8 0 5 0 2 0 0 9 0 0
1 0 0 1 0 0 3 0 1 11 0 0 0 0 0 7 2 0 2 0
0 0 0 0 0 1 6 0 2 0 4 0 8 14 1 4 4 0 5 0
0 4 6 0 0 0 0 0 16 0 1 0 0 0 6 0 8 7 2 2
0 1 5 7 3 0 0 1 7 0 0 0 5 2 0 0 0 2 0 0
5 13 3 0 0 3 0 2 0 3 1 9 11 12 30 5 10 0 0 5
2 2 0 0 0 0 0 0 0 0 13 7 22 55 147 91 43 14 10 0
11 0 1 0 3 0 8 6 0 0 0 13 49 121 105 198 82 21 0 8
0 0 0 10 0 0 0 0 2 2 0 22 52 159 150 157 101 18 1 0
0 3 3 0 3 0 0 0 0 0 0 12 27 96 195 195 50 16 4 0
0 0 0 5 0 0 0 0 0 0 0 1 14 39 119 72 42 12 0 6
2 0 0 11 8 0 10 0 0 1 0 4 1 11 15 9 6 5 4 0
0 1 0 0 0 0 6 0 0 4 0 0 0 5 0 2 5 7 0 6
0 0 0 0 7 6 0 0 0 0 0 0 3 0 0 3 0 8 2 2
1 8 1 6 0 0 2 0 0 0 10 1 4 2 10 0 0 0 1 0
0 0 0 6 0 0 0 0 3 1 1 7 0 6 0 0 9 0 0 0
6 0 6 2 0 4 6 0 0 0 1 5 13 4 0 0 0 0 0 10
0 0 3 3 1 1 4 0 9 0 0 5 2 6 0 0 2 0 0 1
0 0 0 0 2 0 0 1 0 13 1 8 0 2 8 7 0 0 9 0
1 3 0 1 0 4 7 2 1 0 1 0 0 0 1 1 0 0 6 0
0 8 0 0 0 0 0 0 1 0 0 0 7 4 5 0 0 0 0 8
1 0 3 0 5 0 0 2 0 0 5 2 0 3 0 0 0 10 6 0
0 0 0 0 5 0 0 0 8 3 2 0 0 15 3 0 2 0 7 0
0 7 0 4 0 0 3 0 0 4 3 0 0 0 0 0 0 0 3 5
0 2 0 8 1 0 2 1 4 6 0 0 8 2 8 16 0 4 3 0
0 3 6 3 8 2 12 1 0 6 2 14 17 47 43 29 17 4 1 1
2 0 0 0 0 1 0 2 0 0 6 16 47 60 173 120 69 18 0 0
2 3 0 5 3 5 0 5 0 0 14 15 63 132 152 184 114 22 7 0
0 0 0 0 1 0 0 0 9 6 1 36 70 170 151 175 131 31 0 2
0 4 0 0 0 6 0 2 3 1 5 6 37 101 206 194 87 21 0 0
2 5 6 0 0 8 0 0 0 7 0 12 28 55 136 91 78 6 10 3
2 2 4 0 0 2 0 2 2 1 6 0 14 13 18 16 13 15 0 0
0 0 0 1 1 0 13 0 0 0 0 0 17 3 4 6 0 8 0 4
1 2 7 0 0 0 0 0 0 0 0 0 0 0 7 9 4 0 0 2
0 0 1 8 6 0 5 6 0 0 9 1 0 0 0 2 1 0 0 0
7 0 0 0 4 5 4 0 0 3 0 9 5 0 0 0 0 0 0 5
0 0 0 2 1 2 6 0 6 1 0 0 0 1 1 6 0 7 5 0
6 0 0 2 0 0 0 5 1 0 1 7 0 0 0 0 0 0 0 3
0 0 0 0 7 9 8 0 0 3 0 0 0 0 1 0 1 0 0 0
9 0 0 0 0 0 13 5 0 1 0 4 1 3 0 0 7 7 0 0
3 6 4 3 9 0 8 3 3 0 0 3 0 7 0 3 0 0 4 3
0 0 0 0 0 13 2 0 1 1 0 0 2 0 0 3 0 8 0 4
0 3 12 2 3 0 1 6 12 1 0 0 4 0 0 0 0 0 0 0
0 0 6 3 0 7 0 0 0 0 0 4 4 2 3 0 0 0 0 3
0 5 6 0 6 0 4 5 0 0 4 4 11 0 13 2 0 4 0 0
0 0 5 7 0 1 0 0 6 3 0 15 38 60 72 48 5 10 4 1
1 0 0 4 0 0 0 0 0 0 2 23 67 72 200 130 110 23 9 0
0 0 0 6 2 2 0 7 2 2 6 19 99 141 156 168 166 41 2 2
1 2 0 8 0 0 0 0 10 5 13 61 71 173 130 167 150 41 0 5
0 4 1 8 0 0 0 0 4 0 15 8 47 118 195 191 116 48 10 2
0 1 2 0 0 0 0 7 0 0 1 9 28 69 167 132 127 25 6 0
0 0 7 1 0 0 0 0 0 4 7 2 4 20 50 46 27 18 0 0
6 0 0 1 12 2 0 0 0 0 0 5 0 0 3 0 6 4 0 0
0 0 2 0 0 0 1 2 2 0 0 0 1 0 0 0 2 0 3 2
0 9 0 0 10 0 0 5 1 0 0 0 8 3 0 0 0 5 0 0
9 6 0 3 0 0 0 2 0 0 3 0 0 0 0 4 2 0 8 2
0 0 5 0 1 0 0 11 4 0 0 0 0 1 0 0 17 5 3 4
0 1 1 4 0 11 2 7 3 0 0 3 6 6 0 0 0 0 0 6
0 0 0 3 0 0 0 0 0 0 0 7 0 2 3 0 0 3 1 3
5 0 1 2 1 2 4 0 6 0 2 11 0 3 0 3 0 0 2 3
5 0 1 0 0 0 0 0 0 0 0 6 4 0 0 0 0 2 0 3
0 7 0 8 0 0 1 13 0 0 1 0 2 0 2 1 0 6 0 0
0 2 0 1 7 0 0 0 0 0 0 7 0 0 1 0 0 0 0 0
4 0 0 0 2 0 0 0 4 9 0 8 9 0 12 3 0 0 0 0
0 5 0 2 2 11 0 0 5 0 0 4 8 7 21 28 0 3 0 2
0 4 0 1 0 0 1 0 4 1 6 39 36 93 105 76 17 2 7 3
0 0 6 0 3 0 3 1 9 0 10 24 93 89 183 157 140 46 0 0
8 2 0 4 8 0 5 0 0 2 10 28 118 171 155 144 191 47 12 0
6 2 3 0 5 4 0 0 0 4 19 70 75 152 126 154 148 60 23 10
0 0 6 2 0 2 0 2 0 1 10 38 70 128 156 168 167 66 9 1
5 9 0 1 1 10 0 8 3 0 7 19 55 114 194 145 162 42 12 0
0 0 2 0 0 0 4 0 7 0 5 11 18 47 82 55 63 16 8 8
7 5 5 0 0 5 0 0 0 0 0 4 0 1 8 11 14 4 0 4
0 0 3 1 0 2 0 4 0 0 0 2 0 0 0 0 2 4 0 4
0 9 8 1 0 0 2 2 0 0 0 0 0 0 0 0 1 0 0 0
2 3 0 4 3 0 0 4 0 0 2 5 0 0 0 3 2 1 0 0
5 0 0 0 0 0 0 7 6 0 0 10 4 2 3 0 4 0 5 7
0 0 0 2 5 3 1 5 0 0 0 0 0 0 0 0 0 8 0 5
0 7 2 0 1 0 0 0 0 0 4 0 0 5 5 6 1 0 0 0
0 2 1 0 0 0 12 0 0 0 0 0 5 6 1 7 0 0 0 0
7 0 5 0 0 0 1 0 0 0 3 0 8 5 4 0 9 0 0 0
0 0 4 0 1 1 1 2 1 8 2 0 4 0 6 4 3 3 0 0
12 7 0 5 0 0 6 0 0 3 7 0 6 8 6 0 0 7 5 2
0 0 9 2 1 9 0 0 0 0 8 11 1 3 10 3 0 10 3 0
4 3 4 0 0 0 0 0 3 7 6 7 24 1 37 11 2 11 1 5
0 7 12 0 0 0 6 0 5 0 11 37 37 126 138 101 29 11 4 1
0 5 4 3 0 3 0 0 0 0 8 34 122 124 191 140 127 44 9 9
0 3 0 3 0 0 5 1 0 0 13 54 184 163 155 127 191 60 10 1
0 0 0 2 0 0 1 0 2 9 16 88 116 145 100 148 159 82 33 11
13 0 0 0 0 7 0 3 0 0 9 42 117 121 153 149 186 89 18 9
0 0 7 4 11 0 2 0 0 5 3 30 64 124 179 148 179 53 13 3
2 3 0 7 0 0 1 0 0 0 2 19 37 51 119 58 77 23 8 0
2 0 0 5 2 0 5 0 0 3 0 10 11 14 0 27 23 6 0 8
0 0 0 2 5 1 1 2 0 0 3 2 1 0 0 0 3 0 1 0
0 0 0 0 0 5 2 13 3 0 4 0 0 0 2 0 0 6 0 0
5 0 6 1 0 0 8 0 0 8 1 2 0 6 0 0 0 9 0 0
4 2 0 4 0 0 0 0 3 8 0 0 0 0 0 0 0 0 6 2
0 5 2 0 3 0 0 0 0 6 0 6 0 0 6 1 0 6 0 0
0 3 2 6 2 1 0 2 0 0 1 0 2 4 0 0 0 0 3 4
0 0 0 0 1 13 0 0 0 7 6 4 0 2 8 0 0 0 2 9
5 0 0 0 6 0 4 1 0 4 7 0 0 4 0 0 0 7 0 0
0 1 0 11 1 6 8 9 0 0 0 2 3 0 5 0 0 2 2 1
7 0 0 1 0 0 1 0 7 0 5 0 4 4 0 4 9 0 5 0
0 14 0 6 0 0 3 0 6 4 6 0 4 7 12 4 3 7 2 0
3 0 0 0 5 0 0 1 0 2 13 9 17 12 60 39 13 16 11 0
2 1 9 0 1 9 0 0 0 7 15 36 62 154 166 170 64 18 9 0
0 0 7 4 0 0 0 3 0 5 17 52 148 164 170 144 139 56 4 0
1 0 0 0 9 0 4 0 6 8 25 83 181 158 159 123 160 82 36 0
0 7 2 6 0 0 0 0 0 8 37 86 141 155 99 135 157 108 66 10
8 0 0 6 0 0 1 7 9 8 28 92 138 118 136 135 182 122 33 3
8 0 0 8 0 0 7 2 0 0 8 17 81 130 171 145 183 97 20 8
0 1 9 6 0 0 0 2 4 6 11 12 58 65 132 89 120 58 10 8
6 0 1 0 13 6 1 0 2 0 1 11 4 16 14 23 25 11 0 0
0 16 0 0 0 0 6 0 0 0 0 0 0 7 2 7 0 4 0 0
0 8 6 4 0 0 0 0 0 0 0 0 0 0 0 0 3 0 0 2
0 0 3 0 0 7 0 0 1 4 0 9 0 0 0 0 0 0 0 6
0 4 0 0 0 0 0 0 7 0 0 4 6 0 0 0 4 0 6 5
0 0 6 0 0 4 0 0 3 0 0 0 0 8 0 4 9 0 4 0
6 0 4 4 6 0 3 8 0 0 0 0 4 0 0 4 2 0 0 0
13 3 0 0 0 4 6 0 3 2 1 0 0 0 4 0 0 0 0 0
3 6 0 5 0 0 3 0 0 4 4 0 0 0 0 0 3 0 0 9
0 1 0 0 7 0 0 2 3 0 11 0 0 3 0 2 3 0 7 1
14 0 0 0 10 0 3 0 4 6 0 0 5 0 0 0 10 4 0 0
0 0 5 5 10 0 0 0 5 6 4 6 4 0 15 7 6 4 0 0
0 0 0 6 0 3 0 3 0 0 4 19 41 37 51 55 29 14 0 1
4 6 5 1 0 0 3 4 2 0 10 62 68 170 172 192 75 35 3 0
1 0 0 1 0 2 2 7 0 3 17 57 156 157 150 150 149 72 23 2
6 2 5 8 3 0 2 0 0 11 27 117 161 139 139 95 162 103 33 2
0 0 0 2 0 7 0 6 0 2 57 135 170 137 76 126 180 153 91 10
0 0 0 0 0 2 0 4 0 10 16 136 171 124 106 119 186 137 35 8
2 0 0 2 8 0 0 0 15 2 9 42 103 146 156 144 172 110 30 12
0 3 0 0 2 6 0 0 0 0 14 23 72 90 147 129 129 100 15 4
0 0 1 0 1 0 0 0 1 8 0 0 16 17 18 38 37 18 7 6
0 0 4 0 0 3 3 0 0 0 1 2 3 0 13 7 5 2 3 0
0 0 0 1 0 6 4 0 2 0 0 5 7 0 0 0 2 0 0 0
0 1 0 1 0 2 0 0 0 0 0 4 0 6 0 0 0 0 8 1
1 3 1 0 4 0 2 7 4 0 0 4 7 0 0 0 1 0 0 8
4 0 1 0 1 4 1 0 5 3 3 7 3 4 0 0 0 0 6 3
0 7 1 6 6 0 0 0 7 6 0 0 8 9 0 0 9 0 3 0
0 4 6 0 15 7 3 0 0 0 2 0 0 0 0 0 0 0 4 0
5 2 2 3 8 5 3 2 3 0 0 1 5 7 2 0 0 2 4 0
0 0 0 5 1 10 6 0 3 2 4 4 4 0 0 0 0 0 11 1
3 5 0 0 5 0 1 3 0 1 3 0 1 2 0 0 0 0 6 1
2 1 1 0 0 3 9 3 2 5 0 0 6 13 36 21 14 6 5 0
0 1 0 0 0 6 11 4 0 5 8 41 47 46 96 95 25 17 3 9
0 0 3 0 0 0 0 0 4 0 25 102 108 164 166 194 115 64 16 1
4 0 0 4 2 0 2 2 0 14 40 90 165 166 142 147 156 109 33 4
2 8 0 3 11 0 0 7 2 18 39 167 164 115 117 89 141 149 37 2
6 0 9 0 6 0 0 4 5 0 79 160 175 121 73 114 152 186 127 0
0 1 5 7 2 0 0 7 6 14 24 190 186 131 99 95 180 156 56 19
0 0 5 8 0 0 8 7 0 0 39 56 149 168 139 142 178 140 38 30
6 0 0 0 0 2 0 0 3 0 7 73 100 102 168 163 195 152 21 13
1 0 0 1 0 0 0 1 0 0 8 5 12 29 44 47 53 37 19 4
0 0 0 3 0 11 5 0 0 3 5 3 6 8 16 8 9 0 4 3
0 2 6 2 0 0 3 0 0 0 0 0 0 0 0 4 0 0 0 0
8 6 6 0 8 5 2 0 8 0 2 0 0 5 0 1 4 5 0 0
0 0 8 5 0 3 0 0 2 3 0 0 3 1 0 0 3 0 0 0
0 0 5 0 7 8 0 0 0 0 0 0 0 6 0 0 1 0 0 5
7 0 7 0 0 0 7 0 0 1 0 7 0 0 0 2 0 3 6 0
0 4 6 2 4 2 0 0 4 4 8 0 0 0 1 4 0 1 0 0
2 3 0 2 0 0 0 0 7 0 4 0 7 0 0 0 0 0 1 0
0 0 1 0 3 0 1 6 0 0 3 0 3 0 3 0 0 0 2 7
2 6 5 0 0 0 0 0 0 6 0 0 0 0 0 0 0 4 0 0
0 0 0 0 0 0 2 3 5 11 2 8 11 24 43 35 18 5 11 0
0 1 0 1 0 4 0 1 0 6 0 38 85 53 134 137 39 23 12 0
0 0 6 0 0 0 5 2 0 6 36 118 126 158 167 178 165 62 16 6
3 2 8 6 0 0 0 9 1 12 77 150 170 158 119 133 154 128 52 9
5 2 0 3 5 0 0 4 0 14 62 199 159 122 114 69 133 162 47 22
8 0 0 0 0 3 0 5 0 2 90 209 178 103 54 104 149 185 148 4
0 0 0 2 13 2 0 0 6 22 71 178 179 131 89 79 145 156 79 21
3 9 4 0 6 0 13 2 9 1 36 80 146 160 129 129 157 157 61 42
1 0 0 0 0 0 0 1 0 8 8 62 149 126 155 160 199 157 43 24
0 0 2 0 0 6 0 0 0 1 5 18 27 38 53 71 67 54 25 11
1 0 0 5 3 0 6 1 5 1 7 4 4 2 12 18 18 14 10 0
2 2 0 0 4 1 4 3 3 2 3 0 0 4 10 0 13 0 0 0
0 0 0 11 2 0 0 0 0 0 3 0 4 0 0 5 5 0 6 0
0 6 6 0 0 0 0 7 0 0 5 0 2 0 5 0 2 1 0 0
0 0 0 0 9 3 3 6 0 10 1 2 0 3 0 5 0 1 0 6
0 6 3 0 0 0 2 4 6 2 4 5 0 0 5 1 0 8 0 5
6 8 0 0 1 3 2 0 5 0 0 0 10 0 0 0 0 0 0 0
0 1 6 0 0 0 5 8 0 0 5 0 1 3 0 2 0 11 0 0
2 1 0 0 0 2 0 7 0 9 0 0 4 5 2 0 0 0 0 2
0 7 0 6 7 0 0 0 7 0 9 2 6 0 0 3 2 13 0 7
4 0 0 6 3 0 5 5 1 0 9 13 11 45 40 48 32 11 11 0
4 6 8 8 3 0 0 1 0 7 13 52 93 77 172 165 51 35 8 5
0 1 0 3 3 5 1 0 3 1 46 143 119 143 159 163 171 75 29 0
0 3 0 0 0 3 0 0 8 32 119 181 168 154 98 116 150 155 72 9
0 2 1 4 4 0 0 0 10 27 88 217 150 116 94 60 127 158 54 36
4 11 8 0 0 6 7 0 8 14 134 202 162 87 53 84 120 187 162 25
1 1 1 0 0 6 0 0 3 12 116 173 162 112 84 68 135 159 150 37
7 0 0 9 7 0 9 6 0 13 31 122 146 154 112 139 138 174 120 51
0 0 8 2 0 3 0 4 0 4 12 91 199 136 160 159 195 160 42 38
7 6 1 2 7 0 2 0 6 0 8 37 40 60 57 126 76 73 42 4
6 0 0 0 0 9 0 3 5 0 1 6 12 8 14 19 10 14 17 0
3 11 0 5 0 2 10 3 0 0 0 0 0 10 0 0 6 7 1 7
1 0 5 0 4 0 0 0 5 1 0 0 6 0 7 0 0 0 5 0
1 4 0 0 15 14 4 1 2 7 0 1 1 0 4 0 1 0 5 5
6 0 0 0 2 0 1 0 4 0 0 2 0 3 3 0 6 2 6 0
0 0 6 8 0 0 0 4 3 3 0 0 0 0 5 0 0 0 0 0
1 0 6 0 0 13 3 1 4 0 0 0 6 0 0 2 3 0 0 0
0 0 0 1 0 2 2 3 3 0 0 0 0 0 2 0 0 5 0 9
2 0 3 10 5 0 2 7 0 0 0 0 0 3 3 0 0 12 9 0
0 10 5 2 0 0 0 2 4 3 2 9 0 0 0 0 0 0 0 0
0 3 0 0 0 1 0 3 4 5 15 21 30 35 61 74 56 18 31 0
0 1 0 0 0 5 0 0 0 4 22 58 133 129 168 200 84 70 16 13
0 0 3 4 0 1 3 0 4 6 47 167 124 141 145 164 169 97 60 10
0 0 0 0 8 6 2 0 14 37 118 174 150 126 89 105 141 161 118 9
1 0 0 0 0 0 0 0 3 27 150 206 136 93 83 51 100 177 84 59
4 7 0 3 5 0 0 0 0 18 142 196 150 74 37 72 113 181 148 50
0 0 6 0 0 8 0 0 0 22 117 179 137 104 65 57 122 148 175 32
2 0 0 0 0 0 0 0 0 26 63 141 149 160 90 114 124 179 140 63
0 7 4 0 1 8 0 0 0 10 24 172 202 145 150 167 161 193 62 64
0 0 2 0 2 4 0 3 0 7 20 41 49 109 122 138 97 95 74 15
2 0 2 0 0 0 3 0 6 0 4 1 29 19 37 39 27 14 15 0
8 4 0 1 5 4 0 3 0 0 0 0 4 5 1 7 6 6 0 0
0 1 0 7 0 0 5 8 8 0 0 6 1 9 5 0 2 1 0 0
0 0 9 0 2 0 1 2 2 8 0 0 1 0 0 0 0 3 0 2
0 0 4 0 6 4 0 9 0 0 0 8 0 0 0 0 7 5 0 0
0 0 5 0 0 0 1 6 0 0 0 1 2 2 1 4 0 0 0 0
0 0 0 0 1 0 5 2 0 0 14 0 0 3 5 0 0 0 0 0
4 2 5 0 0 5 9 7 1 0 0 2 6 4 0 7 0 2 5 11
1 0 3 0 2 0 0 6 0 0 0 0 1 8 0 0 3 11 1 0
1 0 1 0 1 5 0 0 0 0 0 0 0 0 10 10 0 6 0 0
0 0 0 8 6 3 0 0 0 18 5 24 34 54 87 72 66 31 22 8
0 0 0 0 1 0 2 7 4 26 34 87 137 132 184 216 86 94 40 5
0 0 10 0 8 0 4 3 5 20 68 164 133 143 128 149 187 176 93 8
0 0 0 0 2 10 0 5 10 73 134 182 135 117 64 92 128 172 151 27
4 2 1 0 0 0 1 5 14 30 186 173 110 89 65 47 92 172 135 67
0 0 0 1 6 0 12 0 8 36 134 178 141 73 36 65 88 182 164 45
7 0 1 0 0 3 4 5 6 29 153 172 134 86 62 42 106 149 176 52
0 0 0 5 0 10 2 0 0 36 86 144 148 136 73 107 114 173 173 120
0 9 0 0 0 0 0 1 0 11 49 190 180 144 141 171 155 208 73 117
0 0 0 0 0 2 2 2 4 4 23 91 67 140 151 178 116 136 118 12
0 0 3 0 0 0 4 0 1 1 15 13 28 32 59 89 41 22 29 9
0 0 2 0 5 0 0 2 5 0 0 10 0 11 18 3 12 4 0 13
0 0 0 0 0 0 0 0 0 0 1 6 3 5 0 4 6 0 0 0
8 0 0 3 0 0 0 0 4 0 0 0 5 0 7 2 3 0 4 0
3 1 2 12 3 0 10 0 0 0 0 3 0 2 0 0 0 0 10 3
1 0 0 0 0 6 6 1 1 2 0 0 0 0 0 6 0 0 3 7
0 2 9 0 3 6 0 0 0 3 0 1 0 0 0 0 0 0 0 0
1 0 0 4 0 5 0 3 5 4 8 0 0 0 8 1 0 0 0 4
2 9 0 0 0 0 13 0 0 9 0 0 0 6 0 4 3 0 6 3
4 0 0 0 1 0 0 0 3 0 0 0 0 4 0 0 0 1 1 0
0 0 0 0 7 0 0 3 0 31 18 42 61 70 102 89 83 33 50 0
0 0 6 0 0 8 1 8 5 42 91 109 147 160 182 200 122 127 72 11
3 0 4 0 1 1 1 0 0 13 94 166 139 126 118 133 184 168 137 30
0 5 3 1 0 6 0 0 7 78 159 175 118 112 59 86 108 174 169 32
0 0 0 2 9 0 0 1 26 44 171 143 108 72 59 36 87 161 155 94
1 1 3 0 0 0 0 0 3 41 150 149 110 63 26 47 79 139 177 92
0 1 5 3 2 0 1 3 10 47 160 158 113 88 45 32 104 136 185 72
1 0 0 3 0 0 0 0 11 50 107 142 137 121 65 104 107 164 158 165
3 0 0 0 9 0 2 0 5 4 66 225 165 148 132 167 145 192 89 132
5 9 0 3 2 2 0 0 4 15 24 129 100 163 188 195 140 148 153 21
0 5 0 0 7 7 7 0 3 13 10 20 27 47 87 112 68 45 75 24
11 0 8 0 1 2 1 8 3 0 0 0 15 24 17 10 15 8 7 0
0 0 3 0 0 5 0 0 5 0 3 0 0 0 0 2 2 0 0 6
0 0 0 0 8 0 6 0 2 1 0 0 0 0 0 0 0 0 4 0
12 4 0 0 0 0 1 0 0 0 5 5 6 0 0 6 1 0 7 2
0 0 5 0 0 4 0 0 9 5 1 7 4 9 1 0 0 0 0 0
6 3 3 4 0 1 0 8 5 0 2 8 0 8 2 5 8 0 3 5
10 5 0 7 6 0 0 0 0 8 4 0 3 5 4 0 5 3 0 4
5 1 11 4 0 0 0 0 0 0 0 3 0 4 2 3 0 5 5 3
10 0 0 0 7 2 3 0 0 0 0 0 4 0 5 3 0 0 1 0
7 0 0 6 0 0 2 0 5 35 27 92 67 83 134 91 108 101 45 11
0 0 0 7 13 2 6 7 4 32 156 129 174 180 165 175 165 130 103 19
2 7 0 0 6 1 1 2 14 26 119 161 144 112 98 116 174 171 197 42
4 0 5 0 8 7 2 5 15 86 158 155 111 91 48 70 86 161 171 49
3 0 0 3 1 2 14 1 17 80 173 141 92 68 57 32 66 129 170 111
0 8 3 0 0 0 0 4 6 73 141 138 95 59 16 39 65 121 147 124
4 0 4 0 7 1 0 0 18 75 186 143 115 78 45 36 74 115 164 102
0 0 0 0 0 0 0 6 5 66 114 146 135 107 68 80 98 140 162 191
0 6 3 2 2 0 7 0 9 10 73 211 170 145 107 129 129 162 107 145
4 3 0 1 5 13 0 0 6 8 62 182 130 201 170 223 172 158 164 25
8 5 0 0 0 4 0 0 1 22 19 19 48 78 125 123 89 74 111 11
7 0 0 2 3 6 0 0 0 7 9 13 9 27 27 20 26 21 17 13
1 1 1 0 3 0 5 5 2 4 3 1 5 0 0 0 6 0 4 6
0 0 0 0 8 5 0 1 4 0 1 0 0 5 2 3 0 0 3 0
0 8 2 5 0 0 4 12 0 0 0 0 0 4 1 0 0 0 0 7
0 4 1 0 3 1 0 0 1 0 1 3 4 2 3 11 2 0 0 0
0 8 1 0 2 5 0 7 0 0 0 0 10 0 0 2 4 0 8 0
5 0 0 0 4 0 6 0 5 10 3 0 0 4 0 2 0 0 3 0
0 0 0 0 0 0 0 5 5 3 0 7 0 0 5 2 0 0 3 0
4 1 0 0 7 0 0 0 1 0 11 0 0 0 0 1 3 0 0 4
0 0 1 0 0 0 2 0 7 68 60 102 110 84 160 121 104 101 85 27
7 0 0 10 3 3 0 0 18 52 149 138 151 181 154 154 182 162 130 38
0 0 4 8 0 0 1 14 17 52 158 151 142 106 89 96 146 158 181 60
0 0 6 0 2 7 0 0 28 100 149 148 91 89 42 68 75 145 165 61
5 0 0 1 0 6 6 5 29 114 161 118 84 57 44 24 64 123 147 114
0 1 7 5 0 3 0 12 27 103 151 114 87 49 23 41 61 116 139 128
0 13 0 0 0 0 7 2 28 150 183 130 97 72 34 22 76 99 155 131
5 0 5 1 9 1 4 9 17 90 143 133 116 84 44 65 74 125 163 188
0 9 2 0 6 0 1 4 14 23 95 181 158 129 106 128 114 142 107 157
0 0 0 0 4 1 0 11 6 8 87 178 164 216 177 183 172 166 179 61
11 0 5 0 0 1 0 0 1 27 21 27 91 106 134 139 160 69 146 18
0 4 0 0 0 5 0 8 0 0 4 20 29 34 42 37 44 33 17 16
7 0 0 1 8 7 5 7 0 2 0 3 9 1 1 14 0 0 4 0
7 10 5 4 2 0 2 0 4 1 2 0 3 0 0 0 5 4 0 4
0 0 0 0 4 0 0 2 1 0 3 0 1 3 6 0 1 2 0 0
5 0 5 4 0 2 11 6 3 0 0 0 0 2 3 2 2 0 6 9
1 7 0 0 0 0 0 0 0 0 0 9 5 1 0 0 4 0 3 5
0 0 2 0 1 7 7 0 3 0 0 4 10 4 0 8 0 9 0 8
0 3 0 3 1 0 3 0 9 2 0 0 5 0 0 0 1 4 3 0
0 0 2 1 0 0 0 0 0 0 0 7 4 1 8 0 2 1 0 0
3 2 14 0 0 3 6 0 15 86 76 168 143 99 190 165 141 126 101 14
0 0 0 0 0 0 2 4 22 70 165 149 159 179 145 147 171 168 120 55
8 0 4 0 0 0 0 7 19 50 156 130 121 100 66 89 119 150 176 142
0 3 0 6 0 5 4 3 52 120 154 142 81 81 31 50 73 124 162 62
2 1 6 0 5 0 5 1 55 186 146 110 69 43 39 22 53 109 130 136
0 0 4 0 0 1 8 15 32 143 131 101 75 52 24 39 43 105 132 167
0 0 0 10 0 1 3 5 42 184 180 105 84 62 39 19 69 107 140 139
0 4 12 5 1 2 0 0 29 123 171 128 103 79 47 59 67 112 158 183
0 3 10 6 10 0 0 0 33 42 111 164 128 126 98 107 100 133 134 163
1 0 6 0 0 0 3 0 4 24 118 189 159 193 161 165 180 172 187 77
0 0 8 6 5 5 0 0 5 39 33 30 131 120 168 179 199 97 164 22
0 2 0 0 0 5 0 0 2 10 5 18 36 46 58 49 47 57 20 14
2 0 6 0 0 5 0 0 3 2 6 6 8 5 6 17 16 4 5 2
0 2 0 7 4 6 10 4 5 0 4 0 0 0 0 0 3 0 3 0
0 2 7 0 0 10 0 0 0 0 10 0 4 0 0 2 2 0 0 3
0 2 0 0 0 0 3 0 0 0 13 3 6 1 1 0 0 0 2 4
6 5 0 0 0 4 0 4 0 3 0 3 3 1 2 0 0 0 1 3
5 0 13 0 0 1 3 0 0 0 7 0 0 8 8 1 3 0 0 10
0 0 0 0 6 1 1 2 0 7 0 5 0 0 5 1 2 4 0 0
1 1 1 10 0 0 0 13 0 0 6 0 0 0 6 4 4 2 3 2
5 8 0 0 6 0 6 0 20 88 82 160 156 128 201 168 149 144 126 25
0 0 0 0 0 0 8 10 35 77 198 132 137 167 130 120 179 182 168 72
3 0 2 0 0 6 0 15 44 81 156 130 106 73 67 70 112 150 179 162
0 0 0 6 0 6 7 22 98 158 148 121 74 64 19 44 69 118 158 90
0 0 0 0 0 0 0 9 79 197 141 90 58 32 34 17 42 97 130 136
5 0 2 3 0 0 0 26 35 193 118 90 62 26 11 33 36 75 125 184
0 4 0 4 0 2 2 6 85 190 140 91 77 43 29 34 52 78 133 175
0 2 0 1 1 0 9 8 26 135 157 120 95 74 36 54 47 98 153 152
0 2 0 0 9 0 1 4 41 50 144 141 121 127 84 103 95 110 138 161
0 0 8 0 4 0 9 7 19 56 157 180 158 183 157 150 159 158 183 113
0 0 0 0 2 3 3 6 5 59 52 52 167 133 186 181 201 124 183 50
1 3 5 4 0 0 0 1 11 14 16 32 67 74 52 81 68 52 43 9
0 2 6 0 0 0 0 1 5 0 5 1 9 6 16 13 35 11 2 11
7 0 0 0 0 0 0 0 5 0 0 4 4 0 0 0 6 8 0 0
3 0 0 1 0 1 8 0 7 0 0 0 0 5 2 3 5 9 0 0
2 0 7 3 4 5 0 2 0 4 0 0 5 0 14 0 3 0 0 3
0 0 9 1 3 0 4 4 0 7 2 0 2 0 11 6 5 0 0 0
1 1 0 0 1 0 0 0 0 3 8 0 0 0 0 7 10 0 1 0
12 0 2 0 0 0 7 0 0 1 8 4 0 4 3 0 2 0 3 0
0 4 0 0 0 0 0 0 3 0 0 0 3 0 0 5 0 0 3 2
0 5 3 1 6 12 0 9 21 149 95 203 162 133 193 181 150 130 137 36
0 5 0 0 5 0 11 19 67 103 194 126 148 144 115 113 164 175 168 106
3 0 3 0 0 0 3 17 61 115 157 109 96 67 46 68 93 131 170 187
4 0 0 0 0 4 4 31 120 175 145 105 74 65 20 34 65 93 144 128
0 1 1 4 0 0 8 15 131 220 137 87 44 39 32 15 36 80 124 141
2 4 4 0 0 3 0 45 46 199 110 73 56 24 11 25 35 68 102 161
5 0 7 3 0 0 5 13 106 208 131 77 64 40 11 13 51 65 119 206
1 0 3 5 9 1 0 16 60 186 166 117 74 54 31 54 51 85 150 153
0 6 0 0 2 2 2 7 64 60 128 127 92 113 71 76 65 88 161 179
0 0 1 0 0 0 0 0 5 81 155 174 150 152 141 111 155 152 183 129
0 4 0 5 1 6 4 0 16 89 75 88 185 179 183 155 224 144 203 65
0 4 11 0 3 0 0 3 5 23 35 51 102 88 82 84 122 79 71 24
1 2 3 0 1 1 1 1 0 5 3 15 11 23 19 18 27 21 10 4
0 1 4 1 0 2 0 0 0 1 0 10 4 0 7 4 8 12 2 10
0 0 0 7 6 6 10 4 0 0 0 0 0 0 0 6 0 0 0 9
0 2 0 0 0 0 0 0 3 0 0 0 0 0 1 0 0 11 0 7
0 5 3 3 0 0 8 1 0 0 5 5 0 0 0 3 0 1 0 5
4 1 0 0 0 4 2 2 1 0 0 1 12 2 13 5 2 6 9 4
0 0 0 0 0 0 0 0 4 0 0 0 4 5 4 6 7 2 0 7
0 0 7 0 0 1 0 3 0 0 5 0 0 0 0 8 5 0 4 0
0 5 6 7 0 0 4 14 35 149 131 188 157 151 170 176 162 142 154 49
4 5 2 2 3 4 9 19 86 127 178 125 124 139 96 92 157 124 163 120
4 5 0 0 0 0 0 25 89 121 161 91 101 61 38 57 87 115 158 170
0 5 0 0 3 2 1 70 145 175 126 91 50 54 30 40 57 85 128 148
3 0 7 0 0 2 4 32 173 216 115 70 41 25 31 9 27 73 120 125
0 1 8 0 1 0 2 41 52 216 107 65 47 26 12 23 36 61 93 165
3 0 3 0 0 6 8 14 110 206 127 73 58 32 17 16 41 65 119 184
0 9 4 0 0 0 0 19 103 197 160 101 67 59 25 44 35 77 138 140
0 0 4 0 8 4 2 17 72 83 142 112 82 96 71 76 58 79 153 147
0 0 10 1 0 2 0 4 37 124 181 157 137 132 140 104 145 137 152 141
6 0 0 5 1 1 4 8 19 139 115 87 185 191 167 170 199 175 173 73
0 2 0 6 0 4 12 5 9 30 29 83 133 105 139 124 161 121 85 55
0 0 8 6 2 0 3 1 0 2 15 30 23 20 29 23 41 19 15 15
0 0 5 3 8 0 3 0 8 0 5 3 0 6 0 7 11 2 9 5
0 1 9 2 0 10 5 0 0 0 0 3 2 3 0 0 6 0 1 0
0 0 7 5 4 0 3 0 0 6 0 0 0 0 0 0 0 2 0 2
0 2 0 4 0 0 0 6 9 0 3 6 2 12 7 8 0 0 0 0
3 10 0 1 0 1 0 0 0 5 0 7 0 5 11 2 0 4 0 1
0 4 0 6 0 0 4 0 6 1 0 0 0 0 0 0 2 0 2 0
2 0 0 0 0 5 0 2 5 5 0 5 1 1 5 0 0 0 0 2
8 2 0 0 0 0 0 30 65 154 141 181 156 144 154 164 154 158 159 74
0 0 0 5 7 0 0 22 108 137 158 104 104 108 78 74 142 123 151 136
7 3 0 6 0 0 6 31 156 146 144 88 86 46 58 30 83 114 143 168
4 0 1 4 0 4 5 89 161 159 113 75 40 43 20 29 42 77 98 170
5 8 3 0 6 0 23 45 189 191 104 56 44 23 20 12 19 64 99 125
0 0 0 0 2 7 11 59 81 207 96 42 41 14 12 12 24 46 75 148
0 0 10 0 3 0 9 13 114 186 113 63 45 37 13 18 31 63 98 161
2 0 1 8 3 0 0 31 115 199 139 93 70 42 26 38 28 60 127 128
0 0 5 0 2 0 3 43 95 106 140 91 72 73 61 63 60 69 149 138
0 0 0 0 3 0 0 6 56 124 173 149 137 116 123 99 122 114 149 148
4 4 7 0 1 1 0 3 22 158 143 97 172 178 160 143 173 179 166 116
4 0 0 0 0 0 0 6 12 43 50 101 195 133 184 120 168 142 115 51
7 0 3 0 8 2 0 0 10 5 30 47 39 31 50 39 43 44 39 30
0 0 2 0 0 0 0 4 0 0 0 9 0 0 6 8 18 9 16 7
2 0 0 4 1 0 5 2 0 0 5 3 2 5 0 3 1 7 0 10
2 5 0 1 3 0 0 0 5 0 4 0 10 3 0 9 0 8 2 6
0 2 9 3 0 0 5 0 2 7 8 6 0 6 1 0 3 0 0 0
0 5 0 0 0 0 0 0 0 0 5 0 7 0 4 0 0 4 6 0
2 3 4 12 0 0 4 0 7 0 7 1 0 1 0 0 3 3 0 0
3 0 0 0 0 6 0 0 0 0 0 0 0 0 3 7 5 0 3 2
5 0 5 5 0 0 13 43 98 165 158 163 158 149 136 143 142 149 170 90
3 0 0 0 1 6 3 36 139 162 138 105 90 101 73 61 122 119 145 190
4 3 2 11 0 4 11 49 174 158 131 66 67 34 37 38 69 90 127 161
0 0 3 0 7 0 13 107 182 152 93 64 46 45 12 30 34 54 97 156
0 1 0 0 0 0 25 73 198 168 81 45 32 32 7 14 16 42 88 130
0 1 3 0 0 4 9 65 108 183 80 41 41 17 14 10 19 36 69 141
0 0 0 0 0 6 0 16 140 172 85 54 35 33 9 23 27 50 90 151
0 1 0 0 9 0 0 65 135 167 120 80 49 40 20 33 27 37 109 107
0 4 5 12 0 0 0 68 100 114 129 83 66 79 41 49 41 51 144 131
0 0 0 5 2 5 9 10 71 127 166 125 132 87 109 85 97 103 118 159
7 3 0 0 0 0 3 0 37 181 162 93 163 163 138 139 155 185 157 152
0 0 0 0 0 0 6 0 22 58 68 102 198 153 171 151 179 141 161 44
0 0 0 3 0 0 6 0 16 14 30 79 48 65 89 51 65 50 59 60
2 0 3 6 4 0 0 0 0 3 11 12 19 11 4 20 26 4 20 1
3 0 0 13 8 3 3 0 9 0 3 0 1 1 0 0 6 0 4 6
0 0 3 0 0 0 4 0 0 6 4 0 6 0 0 16 0 0 11 0
1 0 4 0 0 0 0 7 0 7 3 9 2 1 0 0 4 1 4 2
0 0 0 0 3 0 0 8 0 0 3 1 7 2 0 0 5 0 0 2
0 3 0 9 5 0 11 7 0 0 1 0 5 4 0 0 1 0 3 0
1 0 7 0 0 0 8 3 0 4 0 0 3 8 0 9 0 0 0 0
0 2 2 0 0 0 20 54 115 155 148 161 141 148 107 134 127 146 161 107
0 0 0 0 2 9 16 75 152 178 115 100 78 78 54 61 103 99 144 176
1 0 1 5 0 3 14 91 218 162 126 53 59 34 39 29 53 83 111 158
0 0 0 0 0 7 33 127 167 136 83 55 28 28 17 15 33 52 83 149
0 0 0 8 4 0 39 94 191 144 83 31 26 17 13 4 22 44 82 117
0 4 9 0 0 3 26 73 118 166 67 34 30 12 1 13 16 32 54 124
1 2 0 4 3 0 11 18 156 150 80 41 36 16 17 17 20 50 75 136
8 5 4 0 6 0 13 94 157 158 95 75 46 35 11 27 21 40 90 85
0 0 7 0 5 0 2 96 125 145 114 65 49 57 36 45 38 52 120 119
5 0 10 12 1 0 9 21 73 125 149 108 113 83 87 76 98 93 101 159
2 1 1 0 4 5 0 3 58 177 183 100 149 143 130 123 144 171 144 171
1 3 0 1 1 0 6 3 26 73 103 142 183 187 187 169 164 191 153 78
0 0 0 5 0 0 5 1 5 34 43 128 60 101 106 76 55 82 110 89
0 1 0 0 6 1 0 4 0 4 3 16 22 9 14 24 32 20 25 0
1 5 0 0 0 6 0 0 0 0 8 0 9 4 0 7 6 0 15 0
2 0 0 0 0 1 0 0 0 3 0 6 0 6 3 0 0 0 0 0
0 2 0 1 0 0 6 0 7 0 0 3 2 2 4 2 0 0 1 4
0 0 0 0 9 10 5 0 0 10 0 2 0 0 1 0 0 0 6 0
3 2 0 2 0 8 0 5 2 0 4 0 1 5 0 0 0 0 6 0
3 0 3 7 4 4 3 6 1 0 0 1 0 0 0 0 0 0 0 0
0 0 1 3 0 2 10 70 129 130 141 145 121 138 99 108 121 134 145 150
0 3 0 3 0 2 28 98 162 171 110 91 79 77 48 39 93 98 124 179
7 2 3 0 0 0 24 102 230 143 103 59 47 29 20 25 48 71 103 137
0 3 0 0 0 4 69 110 151 124 80 39 27 31 0 24 25 46 73 159
1 6 8 2 0 13 45 132 164 129 55 38 20 14 4 5 12 38 73 105
0 3 0 0 3 7 29 107 160 145 62 25 23 21 0 13 23 26 46 112
0 7 1 3 0 3 3 53 178 132 60 37 36 20 12 10 17 43 69 104
3 1 0 0 1 0 14 147 167 152 99 67 45 29 12 32 18 35 57 79
0 0 0 2 1 3 23 146 150 158 112 57 41 51 33 35 29 38 111 108
0 0 0 3 6 2 9 25 124 140 139 91 101 73 72 60 74 86 93 149
8 0 1 0 0 0 3 15 63 161 170 119 138 134 114 111 111 151 127 170
5 4 10 4 3 0 9 7 28 86 164 132 169 188 175 180 174 187 145 133
0 0 0 2 0 3 11 11 26 25 69 156 85 127 149 96 67 107 153 131
0 0 0 0 7 0 0 8 5 0 19 29 17 19 23 30 40 21 52 8
0 3 0 2 0 5 0 0 0 5 3 0 0 0 4 0 6 2 0 4
7 0 0 5 3 0 11 0 0 0 3 1 0 0 4 6 0 1 9 4
0 1 5 0 0 12 5 9 0 0 0 0 8 1 0 6 0 4 0 0
5 2 0 0 8 2 9 2 0 0 0 9 11 3 1 0 12 1 2 3
7 1 0 0 7 3 0 4 6 0 3 0 2 0 0 0 5 1 0 0
1 0 0 0 0 0 0 2 0 1 0 0 0 0 0 0 0 7 1 1
0 4 0 0 0 13 38 118 155 128 133 120 113 120 84 89 106 123 136 152
7 0 0 0 0 1 40 103 163 146 94 79 63 61 39 35 75 81 116 169
2 0 0 13 1 13 37 121 204 138 90 51 45 33 27 10 38 61 81 131
5 0 2 6 0 11 97 140 143 102 64 35 25 25 8 20 24 39 72 152
0 0 0 0 7 12 66 146 169 121 59 27 15 6 6 0 14 38 72 92
6 5 0 0 3 0 41 119 163 118 63 26 15 20 1 11 6 25 41 95
0 0 0 7 0 6 20 70 172 114 54 31 31 8 12 10 14 36 51 101
0 0 5 0 5 0 41 167 168 128 97 65 41 22 10 22 13 36 57 77
0 0 10 9 0 0 29 195 178 167 95 47 26 46 31 29 31 37 88 96
3 2 0 2 0 1 20 31 130 159 133 79 86 54 66 50 63 72 82 160
9 0 0 0 0 4 24 20 86 149 173 141 128 123 102 92 101 137 105 179
0 2 0 3 3 2 4 13 59 94 185 143 154 170 163 186 168 183 155 129
0 0 0 6 0 4 13 22 26 59 74 147 117 174 168 135 90 172 209 155
0 4 0 0 3 0 2 8 7 24 13 31 30 26 29 39 56 44 103 35
0 2 0 1 2 0 7 0 0 0 0 4 16 3 10 21 20 9 12 1
0 1 0 0 0 0 0 12 0 7 8 0 3 0 0 1 0 1 0 0
4 0 4 2 11 6 1 5 0 1 3 0 8 7 1 9 0 0 3 0
0 0 1 0 0 6 4 7 0 0 4 1 0 0 9 0 0 0 9 0
2 5 2 0 7 6 0 2 0 0 0 6 11 0 1 0 0 0 0 0
0 3 0 2 19 0 0 0 4 0 0 2 10 0 0 0 0 0 0 7
0 0 7 0 4 11 72 148 154 131 138 100 105 111 81 76 94 111 128 133
0 2 0 0 4 17 73 135 169 146 82 69 57 64 36 41 63 72 102 157
5 2 0 0 14 26 67 116 176 141 79 42 43 18 26 18 30 53 70 114
0 0 5 0 0 13 108 158 141 90 59 25 25 21 16 11 26 35 51 137
14 0 0 8 3 8 111 175 152 94 43 19 15 6 4 5 16 27 59 88
0 6 0 1 4 10 76 163 184 96 54 17 21 2 5 26 10 16 32 91
0 1 0 0 0 17 32 79 173 92 50 32 23 2 2 3 12 24 44 87
0 0 3 0 11 8 40 186 167 107 67 47 34 20 13 14 21 28 54 54
0 0 4 0 1 7 32 179 182 154 89 42 30 36 24 31 28 28 89 78
0 3 9 1 0 2 32 40 139 159 113 61 75 53 60 47 56 62 60 142
0 0 4 1 0 0 21 19 103 150 174 161 105 99 91 83 84 131 84 170
6 0 2 0 8 4 22 28 97 107 189 169 152 172 152 180 144 164 150 143
9 0 0 2 0 0 0 18 62 58 87 164 136 193 177 139 108 188 211 165
0 4 0 3 0 4 2 12 9 22 22 42 34 42 48 62 65 49 119 60
0 0 0 0 10 8 0 5 0 0 0 13 16 8 20 6 32 8 9 6
0 5 0 0 0 0 4 10 0 0 0 0 0 8 3 3 0 5 3 0
0 0 1 0 3 0 3 0 0 0 0 2 0 3 2 0 0 0 7 0
0 2 0 9 0 0 0 0 6 0 5 4 12 0 0 0 5 7 0 8
5 0 0 0 13 0 0 1 0 0 0 0 1 0 0 0 0 4 0 0
1 9 2 2 2 0 0 0 1 6 4 3 0 0 0 0 6 0 2 0
1 0 0 0 8 12 104 162 154 95 132 88 91 88 55 66 79 98 107 144
7 0 6 0 5 26 110 146 176 124 62 67 53 46 33 30 53 70 91 128
0 0 5 0 0 18 106 123 160 135 73 40 39 20 25 12 37 36 60 90
0 0 0 0 1 27 145 160 121 83 37 21 15 19 4 18 17 27 50 127
0 0 0 0 1 10 148 175 136 67 43 22 12 11 2 14 9 32 46 80
0 1 0 0 0 13 131 157 151 91 43 18 20 13 6 0 14 17 31 71
0 0 0 2 0 5 70 89 154 71 34 28 20 16 0 4 17 38 41 75
0 0 8 0 0 11 79 175 155 82 73 46 39 16 5 0 19 18 41 58
0 6 0 2 0 14 55 186 184 135 86 38 28 43 21 9 19 25 69 64
2 9 0 4 6 5 59 52 166 148 100 65 76 56 44 39 45 51 53 127
0 0 8 17 2 0 39 30 116 132 153 136 95 94 71 69 72 108 71 170
7 0 0 0 0 2 24 58 119 134 174 161 136 139 120 144 141 139 135 159
4 0 1 0 0 0 4 32 93 63 123 173 141 202 190 177 110 201 189 181
0 0 8 0 0 0 0 28 29 29 41 67 58 56 52 78 100 77 144 118
0 0 8 2 0 0 0 10 0 0 7 12 4 10 12 23 70 23 3 10
6 0 6 6 2 0 3 4 0 0 6 0 0 0 0 10 6 6 2 3
0 0 0 0 5 4 3 5 0 3 0 0 4 0 4 7 0 0 0 5
5 0 0 0 0 0 0 0 4 0 1 7 0 1 2 3 0 0 2 6
0 0 5 0 0 0 3 0 0 0 0 0 0 2 0 0 8 11 0 0
0 0 0 5 0 3 0 0 0 0 1 0 0 2 3 4 0 6 4 0
3 8 12 0 0 6 102 173 157 85 124 71 77 84 48 55 69 85 89 137
0 0 7 3 3 43 128 145 161 116 64 55 40 51 26 28 45 61 73 117
0 0 6 7 6 64 89 137 123 122 62 19 32 9 11 16 18 41 53 82
0 0 4 1 6 41 186 154 118 63 34 23 12 10 2 17 7 22 39 109
6 0 5 0 9 39 155 164 112 66 35 15 12 9 1 4 1 21 46 77
0 1 2 2 0 28 205 151 151 69 42 19 7 0 0 5 4 9 15 64
0 0 0 0 10 26 105 105 135 65 40 17 9 17 0 6 3 19 27 63
7 6 4 0 5 24 101 174 130 77 58 41 23 6 2 12 11 15 42 33
0 0 0 1 13 20 77 171 161 141 78 28 21 22 17 12 19 16 60 51
1 2 7 3 8 11 85 69 148 141 104 46 54 37 31 27 42 36 49 112
0 1 0 2 9 4 64 50 130 129 126 140 88 78 65 48 56 103 72 140
7 0 0 7 0 7 22 61 135 147 177 144 129 113 117 133 122 139 123 167
6 3 0 1 0 8 8 46 127 88 195 176 155 206 173 171 147 179 179 198
3 5 0 0 6 2 7 33 40 29 57 93 59 98 80 112 148 91 154 173
0 0 0 0 4 0 0 0 7 8 11 14 19 12 20 18 89 37 13 14
0 7 0 4 0 0 0 0 1 0 7 5 9 1 0 14 6 12 0 4
0 5 1 0 2 1 2 0 5 19 0 7 0 0 7 13 2 0 0 3
4 3 0 6 0 2 0 9 0 0 0 4 1 0 0 1 10 0 0 0
0 0 0 0 0 4 6 0 2 4 8 0 0 0 1 0 0 0 5 0
12 0 1 0 0 7 3 3 0 0 1 0 0 0 0 0 0 3 0 3
1 0 7 4 0 35 93 181 160 88 97 63 76 62 39 52 56 73 75 128
0 0 0 0 14 56 126 135 143 98 32 53 44 29 14 17 41 47 63 106
0 0 3 0 0 90 109 155 120 109 44 24 31 3 15 8 14 31 40 75
2 0 4 6 11 60 206 145 92 68 37 17 16 9 1 10 24 22 35 87
10 0 3 0 9 55 154 174 97 56 36 9 1 1 1 6 9 12 43 68
0 0 0 2 17 47 197 135 152 57 33 0 9 9 0 10 14 14 26 57
0 0 0 9 3 33 129 107 124 52 31 13 18 3 3 6 6 23 27 52
0 0 0 6 4 21 114 163 125 64 65 38 18 12 7 16 5 15 32 33
0 4 6 0 11 31 94 162 156 120 71 15 16 22 18 12 14 19 56 43
7 0 13 0 6 23 127 112 139 124 75 39 48 35 44 26 31 31 35 95
0 3 2 3 4 15 87 62 131 116 126 149 70 58 53 53 50 79 55 131
5 0 0 11 0 3 38 94 170 161 157 141 101 117 99 114 104 127 106 182
0 5 1 12 20 5 8 59 137 114 203 176 159 196 150 149 164 181 182 175
3 5 0 0 0 0 7 55 43 59 81 154 67 108 112 125 148 110 152 207
7 9 1 6 0 2 0 10 8 16 21 42 43 21 31 39 109 58 32 25
1 8 0 0 0 1 0 1 2 4 0 8 2 5 0 17 6 18 7 0
0 0 4 0 6 0 0 0 0 1 0 0 0 0 0 0 1 10 4 2
0 0 0 4 6 4 0 1 9 2 0 0 4 0 0 0 1 0 8 0
0 5 1 0 0 5 0 0 0 0 2 1 2 2 8 0 9 2 4 0
4 4 3 5 3 3 5 0 7 0 1 2 0 0 0 2 0 0 3 0
6 5 4 0 9 45 133 167 153 84 87 54 69 55 35 41 45 67 68 117
0 0 1 0 9 90 204 178 121 86 49 48 27 30 21 15 33 31 63 97
0 2 7 3 13 87 130 147 104 99 41 23 30 23 23 3 16 14 26 58
1 0 1 2 25 80 192 140 82 47 36 8 6 12 7 0 12 17 33 91
0 0 0 0 17 118 146 163 71 52 21 10 13 15 7 0 10 18 37 57
0 0 8 6 10 65 201 116 140 46 25 4 13 7 4 3 4 9 18 50
4 4 6 0 11 45 119 118 95 39 27 13 12 3 7 0 13 15 22 46
0 4 1 1 3 38 172 141 118 50 44 29 26 18 0 5 1 19 29 34
0 0 10 6 21 58 103 141 133 112 63 19 18 16 5 16 14 5 42 43
9 0 0 0 12 41 155 130 140 110 50 39 45 29 34 21 30 30 32 94
6 0 2 0 0 27 131 91 145 106 92 127 58 56 35 34 33 69 37 119
4 0 0 2 4 9 39 128 166 155 140 123 93 89 85 104 100 103 101 143
4 4 0 11 7 1 17 102 178 120 178 155 146 159 137 143 168 152 162 162
2 0 2 3 0 0 4 58 94 89 93 164 89 171 134 136 146 178 166 200
3 0 0 0 1 7 1 18 14 36 17 58 46 39 48 57 117 59 53 45
0 0 0 0 1 0 0 4 3 0 5 7 14 16 5 26 13 29 11 4
0 0 0 5 0 0 4 0 3 0 4 0 6 0 1 7 8 3 5 0
0 0 1 2 2 0 0 6 0 0 3 0 6 0 0 7 0 0 4 2
0 4 0 0 5 4 0 0 3 0 0 4 0 4 0 0 3 3 0 0
0 0 0 4 3 7 1 3 0 2 0 0 2 0 0 0 4 0 0 1
10 0 6 0 5 64 128 144 138 64 84 48 43 49 26 31 51 64 57 110
1 1 7 4 37 121 200 151 102 80 35 44 29 21 23 18 22 33 50 75
8 0 16 5 27 106 161 136 77 75 28 11 23 10 17 7 14 21 29 50
0 0 2 7 35 118 170 123 69 39 28 20 12 2 0 11 9 11 24 62
0 5 12 9 17 144 143 141 73 32 27 8 12 10 2 0 1 6 46 65
0 7 1 0 22 82 209 114 124 40 24 17 4 1 4 2 10 2 16 29
0 0 0 0 17 76 139 139 90 48 22 10 5 7 5 0 7 13 12 39
8 0 0 10 2 64 150 121 100 50 37 22 17 10 2 8 10 9 22 33
0 0 5 3 30 72 98 130 107 100 47 25 12 23 12 9 16 12 39 26
0 0 1 5 5 67 192 136 122 106 53 24 37 21 18 11 23 23 22 79
0 2 0 13 3 60 188 121 121 87 82 121 51 44 34 43 35 61 39 100
4 6 0 0 2 17 54 128 174 147 120 106 66 79 76 84 90 93 95 138
0 0 5 0 7 6 20 154 206 155 173 148 146 141 115 146 155 135 145 149
0 5 5 3 2 4 14 62 142 120 121 173 111 193 156 161 166 182 154 206
0 2 0 0 10 5 8 19 29 29 33 86 88 99 57 80 151 80 80 62
6 1 2 1 0 2 0 0 4 3 13 9 33 31 13 25 11 34 12 1
2 5 0 1 0 3 5 0 0 8 0 0 6 2 12 4 12 9 11 5
0 0 0 2 0 6 3 1 0 0 3 0 3 5 5 3 0 0 0 0
0 1 6 2 1 4 7 10 0 0 0 0 0 0 0 14 6 0 6 0
2 2 0 0 0 3 3 0 6 0 3 0 0 3 9 0 1 0 0 2
0 0 1 5 18 95 139 137 119 61 74 42 44 42 26 26 40 44 52 96
3 0 4 0 49 135 183 156 88 61 25 36 18 12 14 14 15 32 47 65
0 6 0 5 20 140 183 126 70 64 34 13 21 6 9 7 7 22 28 53
0 2 9 2 36 116 145 110 63 43 15 7 3 5 4 13 7 14 32 59
5 0 4 5 41 171 158 123 57 35 15 11 8 2 0 0 2 12 29 45
5 8 7 4 35 86 179 117 106 28 22 7 0 4 0 8 4 7 18 47
4 3 0 2 25 113 146 150 71 41 15 7 7 3 8 10 2 11 13 32
0 2 0 8 6 71 182 110 79 43 30 15 14 0 0 2 10 3 15 27
6 2 0 11 37 121 121 107 99 92 56 9 11 14 7 16 2 20 39 29
0 8 9 1 21 120 221 131 117 93 45 26 33 18 20 17 22 23 20 57
2 4 7 4 0 83 195 161 118 81 74 99 42 31 28 30 25 45 36 87
0 0 0 0 0 19 98 137 172 143 105 88 73 69 62 66 54 78 83 117
2 0 6 9 5 10 47 161 226 165 165 126 132 117 108 134 144 132 116 123
3 0 3 0 2 7 12 92 141 132 131 177 125 197 178 172 187 191 144 210
0 5 0 0 10 4 13 45 44 31 42 105 144 109 62 94 153 108 92 58
0 0 11 0 3 7 5 9 8 14 14 25 43 29 15 33 33 57 26 14
0 0 0 4 0 7 0 0 6 4 0 9 0 5 5 7 10 16 8 9
6 0 2 0 0 2 21 4 6 0 0 0 0 7 1 0 2 0 0 0
0 6 0 3 1 0 0 1 0 0 3 9 3 5 4 5 5 5 2 0
2 0 0 2 0 0 0 0 11 0 11 1 0 0 0 3 3 8 0 8
0 0 0 9 38 121 131 115 108 56 53 35 28 38 19 28 28 39 42 77
0 2 2 11 91 142 167 132 85 53 31 26 19 18 11 3 23 17 34 64
5 6 6 11 44 155 176 114 65 62 23 21 13 9 6 1 7 9 22 44
7 0 7 10 55 146 141 93 56 38 26 5 5 3 0 10 3 12 18 48
0 5 0 8 55 212 146 103 54 29 11 8 1 15 0 3 1 12 21 42
3 0 0 7 51 105 147 102 94 34 14 12 5 0 4 6 2 16 23 24
0 4 0 0 32 116 160 152 62 23 3 12 9 5 12 6 11 13 8 32
10 0 0 7 33 99 162 95 71 35 23 17 11 6 6 3 2 9 12 35
6 2 6 13 52 149 146 99 94 82 50 14 13 18 12 9 7 13 24 22
0 0 0 0 41 162 214 134 103 75 35 23 28 12 24 4 13 12 27 53
3 4 3 5 7 133 211 200 129 65 62 89 35 36 24 22 23 40 22 66
0 0 7 0 12 35 152 173 161 123 93 85 60 60 55 59 53 67 83 111
0 1 0 11 3 13 56 195 181 171 141 107 115 109 97 113 133 102 108 107
8 0 0 5 1 7 35 158 163 147 133 175 137 176 190 170 168 173 131 181
0 0 0 5 2 6 18 48 65 50 80 120 176 109 82 155 167 158 168 103
0 12 0 0 0 0 2 13 8 20 32 34 36 42 40 68 54 98 39 22
1 0 0 5 8 0 0 4 0 9 0 0 3 0 7 11 16 9 10 5
0 0 4 1 0 7 0 0 0 6 0 0 15 5 4 0 3 1 0 0
7 5 2 4 0 6 0 0 0 5 2 10 0 0 6 0 3 5 6 2
0 5 0 1 0 2 0 0 0 0 0 0 3 1 6 1 0 0 0 0
0 0 10 17 45 121 127 100 97 47 57 26 39 36 15 20 26 37 40 77
0 0 1 17 100 170 164 121 65 40 28 40 16 22 16 6 13 13 28 47
2 0 0 19 56 156 177 95 47 52 14 18 8 6 7 9 9 16 26 32
8 9 0 14 97 154 120 80 42 32 16 8 7 4 0 5 0 7 14 30
11 0 2 14 76 190 138 92 36 35 13 13 3 0 0 2 4 3 10 28
6 0 0 7 77 107 143 102 84 22 16 2 0 2 0 0 4 2 3 38
0 0 3 10 72 127 161 164 48 29 9 3 10 7 0 0 1 4 8 27
1 0 6 14 38 117 145 96 58 19 20 16 18 0 6 0 1 1 17 4
0 0 5 16 91 187 149 95 80 67 40 0 21 12 5 4 4 10 24 22
0 8 0 10 62 177 189 131 104 73 42 19 24 7 13 17 10 16 14 39
0 6 4 2 23 165 213 183 122 49 51 81 30 28 30 24 20 30 30 69
0 2 0 0 7 57 196 171 153 112 87 88 55 61 43 48 43 47 74 96
4 4 0 8 13 21 85 194 174 168 126 104 106 101 88 102 110 93 91 90
7 0 8 0 0 12 47 172 152 136 134 160 178 170 193 168 146 166 134 150
1 0 0 0 0 9 38 92 73 63 90 179 198 149 160 209 152 178 174 125
0 2 0 0 0 0 8 20 16 15 51 60 36 51 51 88 85 125 59 25
0 7 5 0 0 0 6 0 5 1 12 0 11 9 19 15 33 30 20 0
3 6 1 2 1 0 1 2 2 0 5 0 5 2 8 5 2 2 9 5
3 0 0 1 0 10 0 0 0 0 0 4 0 1 0 0 1 4 3 8
0 0 5 14 9 0 7 0 0 5 0 0 1 0 0 3 0 0 0 0
0 0 1 30 77 140 147 92 81 40 49 13 32 15 11 18 14 35 30 72
0 0 0 36 132 165 142 86 57 41 20 29 12 5 13 13 10 25 24 43
4 0 5 23 76 172 155 91 48 31 14 7 14 11 0 2 9 13 9 40
0 0 0 14 129 150 121 79 38 29 16 4 6 10 3 2 2 7 16 43
7 7 6 26 90 180 123 83 37 15 10 5 2 7 0 0 7 7 19 33
8 0 6 18 84 113 121 92 76 21 18 1 1 0 4 1 0 6 11 28
5 0 2 16 101 146 158 147 47 21 11 9 0 0 0 0 3 7 19 18
0 1 11 31 46 134 127 74 44 24 22 15 3 5 4 9 0 4 11 17
8 0 0 15 136 200 146 79 53 60 35 0 2 5 7 0 5 0 15 23
3 1 4 23 79 197 177 131 87 50 17 15 18 15 16 18 4 13 11 28
0 4 1 2 38 193 193 169 111 36 53 70 33 31 18 9 15 30 18 54
6 0 0 2 9 62 211 170 136 92 66 65 43 43 47 41 39 41 64 85
0 6 2 9 11 36 107 187 136 146 108 76 95 90 71 98 97 82 79 80
0 1 0 0 0 17 74 201 139 156 133 153 198 154 164 158 123 149 108 131
11 3 0 4 4 17 42 145 75 93 130 228 205 178 139 198 151 169 193 148
0 0 0 0 2 8 20 24 32 19 77 95 48 85 96 158 112 138 87 84
0 0 0 0 5 3 3 5 0 0 15 19 13 8 23 43 45 33 48 15
0 9 9 9 11 5 8 15 6 4 2 0 0 7 4 7 0 8 0 0
6 3 0 0 4 0 0 0 3 0 6 0 7 0 6 1 0 8 0 1
4 4 11 0 0 9 3 0 4 5 3 2 0 1 3 6 1 0 1 8
4 0 6 45 107 141 129 73 63 41 33 17 32 19 8 15 9 27 32 69
0 0 2 59 150 156 128 84 45 30 7 15 19 19 6 0 8 13 16 28
0 4 8 32 89 168 140 85 35 42 23 2 15 2 8 5 6 20 20 21
0 0 0 33 150 159 97 63 37 20 11 10 4 12 0 6 0 5 4 36
9 7 2 50 157 176 108 71 39 15 10 0 1 10 0 0 2 10 15 35
0 1 4 31 79 164 112 75 56 13 14 0 0 0 2 0 6 3 13 25
0 0 0 19 117 142 148 116 35 16 7 4 9 0 0 3 6 5 0 14
0 8 3 36 76 133 111 79 49 16 14 9 3 15 0 0 0 13 6 7
6 0 3 26 130 192 151 71 46 46 29 7 1 9 0 0 0 3 17 16
1 3 0 24 102 185 152 135 72 42 18 17 8 3 4 4 6 13 17 35
0 0 10 17 63 204 169 159 108 39 30 56 10 15 19 21 9 12 23 47
6 0 0 0 36 95 218 158 113 88 67 65 33 43 30 29 44 31 54 75
0 0 0 0 8 45 130 170 126 143 89 66 86 65 64 86 88 71 64 71
0 0 0 0 2 23 99 212 150 149 126 138 188 135 159 136 104 129 109 116
0 1 0 0 0 18 54 183 102 110 154 199 205 177 147 176 143 175 200 173
4 2 7 0 9 12 16 41 38 27 76 158 82 156 95 191 129 164 123 87
1 0 10 0 2 5 1 2 0 13 15 26 13 19 49 74 81 61 41 30
1 3 0 5 0 11 5 0 0 0 0 2 5 2 4 16 8 11 0 9
8 0 5 4 10 10 5 4 13 4 0 2 0 0 0 7 4 0 0 5
5 0 6 1 0 7 0 3 7 0 4 6 0 3 0 1 9 4 0 0
0 2 6 55 133 148 117 67 52 26 38 14 16 18 14 17 13 17 11 48
2 0 11 79 151 164 118 73 42 35 13 26 4 17 6 6 9 5 13 27
5 0 15 37 145 164 130 71 31 24 10 0 14 0 5 0 4 7 20 25
0 0 1 62 190 152 78 51 32 18 7 5 8 6 0 1 3 3 14 29
7 0 8 68 204 165 93 49 26 9 4 0 3 9 4 2 6 6 16 21
0 5 3 64 101 163 87 69 56 10 0 2 2 0 1 1 11 6 1 16
6 0 3 39 151 138 141 113 23 12 16 5 0 1 0 9 7 6 1 13
0 5 2 47 100 133 116 62 41 29 11 9 9 2 4 8 3 9 5 6
0 0 17 27 140 200 147 65 47 48 29 3 18 7 7 5 4 10 10 14
0 0 5 36 117 168 147 114 70 40 26 17 16 3 3 9 15 15 17 35
0 0 5 20 100 196 153 147 83 37 33 47 19 21 17 13 6 18 11 40
9 3 2 14 48 119 191 151 100 68 52 44 27 38 27 35 35 28 45 62
1 4 4 0 21 59 155 156 105 117 86 56 86 57 51 77 74 53 54 51
2 0 3 7 4 37 134 205 151 140 131 118 170 129 141 116 97 113 86 91
1 0 8 0 6 34 72 204 140 130 200 187 174 163 154 173 128 168 195 177
0 0 0 0 7 3 33 40 33 54 91 162 145 163 112 202 142 206 170 106
6 0 2 0 0 0 5 11 6 22 27 36 29 29 83 71 123 86 43 38
1 0 0 0 4 0 0 6 0 4 4 0 6 13 1 15 12 16 9 5
14 0 0 4 7 0 4 12 0 2 0 0 2 8 3 0 0 7 1 0
6 1 4 0 0 6 0 0 4 5 16 10 7 10 7 3 4 2 0 2
0 0 5 71 138 171 102 58 44 28 32 13 18 14 7 16 10 16 28 39
0 0 10 126 151 155 92 62 46 30 6 20 7 11 5 0 6 19 14 24
5 9 11 64 168 154 105 66 14 28 12 9 0 6 0 4 7 4 14 24
1 3 3 73 220 134 77 48 27 9 11 1 0 7 0 5 3 0 14 13
5 0 23 95 192 141 84 46 23 5 6 5 0 1 6 3 0 12 12 6
2 13 22 68 117 158 78 53 47 8 6 4 0 0 0 7 0 6 8 22
3 4 6 90 139 148 122 98 22 20 5 0 3 4 4 0 0 2 13 11
0 0 5 53 138 145 96 48 32 17 18 11 6 0 0 0 0 2 11 14
0 4 12 56 130 159 130 56 37 37 22 0 0 2 4 10 0 9 13 7
0 7 6 51 133 158 116 112 55 31 15 16 17 16 8 1 2 12 2 23
0 0 3 34 115 189 136 137 83 20 24 46 20 10 7 11 18 21 0 34
1 0 4 21 77 138 170 126 92 74 47 40 24 23 24 22 31 28 36 55
0 3 8 0 56 78 152 137 86 111 59 47 68 40 43 65 59 51 45 45
0 2 9 1 4 60 150 174 135 146 123 92 144 118 121 120 86 97 81 82
0 1 0 0 4 44 101 224 148 141 209 175 160 158 154 163 122 158 163 172
7 7 2 0 0 8 48 45 50 79 107 185 161 161 138 196 168 188 160 116
5 1 3 1 6 0 0 17 10 17 45 71 39 41 122 86 127 115 61 77
0 3 0 0 0 0 6 0 4 0 0 11 0 11 13 18 20 50 22 0
0 3 2 0 0 0 0 6 0 0 0 0 5 2 2 4 0 6 8 0
0 2 0 0 1 0 5 0 0 6 0 2 0 0 0 0 0 0 2 0
0 0 6 85 147 188 97 53 43 15 30 8 2 9 5 16 3 17 6 42
0 0 23 160 157 138 70 55 24 25 11 18 12 7 0 1 5 20 17 17
0 0 16 85 188 136 97 52 28 23 4 3 0 8 2 3 0 5 6 20
5 14 15 116 213 138 56 46 7 10 6 1 6 3 13 3 0 8 13 24
0 0 26 112 187 124 69 41 19 5 6 0 2 5 5 1 3 4 11 19
0 0 20 91 141 159 64 58 35 11 0 4 6 9 0 0 5 5 4 3
1 0 20 128 151 147 118 93 11 6 5 0 2 6 5 0 5 1 5 11
0 3 16 105 156 160 81 51 34 13 13 3 11 4 12 5 0 0 10 1
3 0 20 51 135 149 111 38 33 19 21 10 5 8 0 1 3 0 4 6
6 0 2 53 153 142 98 101 49 24 13 16 4 4 0 0 10 4 9 18
6 0 11 47 116 171 106 127 71 26 34 42 12 10 5 0 11 14 7 28
0 0 2 27 113 167 145 117 69 58 43 38 22 22 20 26 23 27 38 45
1 0 1 7 96 107 140 126 78 89 72 45 60 38 43 55 54 42 47 42
7 0 9 4 19 81 187 159 118 134 119 84 120 92 97 91 76 93 70 65
0 0 2 11 7 86 112 216 171 169 197 160 130 160 160 141 103 131 158 160
5 0 0 7 16 20 82 74 64 111 106 197 195 154 178 173 183 178 178 118
0 1 0 0 0 1 24 36 14 16 67 94 59 74 174 73 167 127 88 131
0 0 6 3 0 0 13 2 3 7 11 9 30 17 15 35 52 61 24 17
0 0 1 8 0 0 0 0 9 0 4 10 0 6 1 5 2 11 2 0
0 7 0 8 0 0 5 0 0 12 0 3 4 2 0 8 0 2 0 4
0 9 26 142 150 155 89 46 21 15 17 8 7 12 3 6 12 12 8 41
1 8 46 204 145 118 76 54 30 21 12 11 15 6 8 1 5 5 16 7
3 7 34 119 164 117 79 53 15 22 5 6 0 0 0 2 10 8 5 18
2 26 7 157 177 130 46 38 13 6 10 4 3 1 4 0 12 2 13 22
2 0 45 158 176 100 70 33 10 12 6 2 0 0 2 4 1 0 11 8
0 4 31 99 140 148 67 48 26 8 12 5 0 12 0 1 13 0 7 5
4 0 29 164 155 148 102 69 21 4 1 0 0 2 0 8 0 0 1 10
0 1 31 128 205 154 76 42 17 13 7 10 0 5 0 0 0 3 0 16
0 1 31 55 141 130 111 41 19 22 21 9 0 3 4 0 1 0 12 0
0 6 8 73 166 128 68 102 39 23 15 5 17 4 3 0 11 7 9 22
0 1 17 50 124 150 95 114 75 22 10 37 20 15 20 16 0 10 12 22
0 2 14 37 140 176 129 103 55 50 37 33 21 23 11 23 18 26 29 35
3 1 0 18 154 120 156 98 56 89 56 41 50 37 35 46 53 39 30 40
0 0 2 11 24 128 226 140 108 120 104 71 114 75 85 78 64 78 68 62
0 0 0 0 28 109 108 195 185 171 184 139 117 144 141 125 100 112 148 142
0 0 2 3 11 39 91 109 62 130 138 185 203 171 182 160 179 156 192 127
1 11 1 1 0 9 33 38 23 36 88 84 91 102 199 114 148 151 94 164
0 0 0 0 3 3 12 8 1 2 17 13 21 15 23 57 81 70 35 19
0 0 0 0 0 0 2 3 3 1 0 0 0 0 5 0 5 12 1 1
0 4 3 0 4 0 3 9 0 0 0 0 6 0 3 0 0 0 4 0
2 0 33 134 156 138 70 37 30 18 18 11 9 10 4 10 1 7 11 31
0 0 63 224 156 113 57 33 17 25 6 2 8 3 13 0 7 11 13 9
0 0 70 161 176 105 76 50 15 19 9 9 2 4 0 0 4 14 4 10
0 30 32 215 156 105 43 32 19 10 0 9 1 13 4 1 3 8 3 15
7 9 79 163 173 92 60 22 13 3 0 2 8 3 1 0 8 3 6 9
0 4 57 136 155 117 49 46 21 11 2 0 0 0 0 0 7 5 0 2
3 1 33 198 151 123 73 67 12 0 5 0 0 8 8 0 0 1 0 6
0 11 42 162 212 128 76 39 24 12 11 6 0 4 1 0 6 6 1 0
2 3 46 84 140 106 88 41 20 13 13 7 6 0 6 2 0 6 4 11
3 6 12 92 192 132 73 94 33 22 4 1 8 0 2 7 12 6 7 20
5 0 28 79 146 134 73 92 47 22 16 19 6 17 9 4 0 12 5 14
0 2 12 43 192 183 108 91 56 41 32 25 18 13 17 24 13 16 24 29
7 0 0 30 197 127 154 83 52 71 46 27 37 37 33 35 42 21 28 30
2 9 11 24 40 156 199 125 93 104 87 69 97 67 71 66 44 62 54 54
0 2 2 3 41 129 163 168 171 163 167 109 108 131 144 110 85 101 120 131
4 6 0 16 10 40 120 141 111 132 160 167 177 188 160 152 172 148 181 139
6 10 0 2 0 11 51 64 50 49 147 119 121 139 186 136 134 175 108 170
0 1 3 0 0 7 11 7 5 8 18 26 34 45 80 65 91 102 51 24
0 4 0 0 4 3 0 2 3 0 0 11 3 16 0 18 11 22 14 0
11 8 4 0 2 4 6 0 0 6 7 3 0 0 9 0 3 0 0 0
0 10 70 156 150 126 64 40 22 16 6 0 15 11 8 5 11 18 11 19
7 18 83 208 130 91 43 41 22 1 7 12 8 8 1 0 5 9 8 18
0 6 82 204 158 88 57 34 13 17 9 0 2 0 2 0 9 11 0 10
11 41 54 226 134 101 42 29 1 9 3 6 11 5 7 4 0 7 9 16
7 16 121 169 153 67 37 23 12 0 0 0 5 5 0 0 3 10 9 8
0 14 66 172 144 105 44 28 27 3 0 2 3 0 0 1 0 0 0 8
0 4 30 179 146 110 61 55 12 6 8 11 0 2 0 0 6 0 0 10
4 11 55 174 203 128 69 30 30 9 11 6 2 0 0 5 0 8 6 0
7 18 59 104 137 105 88 20 13 18 4 7 5 0 0 7 0 0 4 4
0 19 36 103 178 105 59 79 30 19 8 4 8 12 10 4 10 0 3 12
0 7 35 137 130 105 53 88 45 14 8 13 7 11 0 10 3 13 8 19
0 6 29 66 211 152 97 74 35 27 30 21 15 1 16 10 18 15 23 35
5 2 13 40 210 135 138 78 50 58 39 17 31 24 24 31 32 26 25 22
1 3 2 44 44 166 183 96 77 90 75 67 67 51 54 60 45 59 50 39
0 0 9 12 56 159 192 151 165 156 137 103 82 119 124 96 74 86 109 120
0 0 0 7 17 55 182 147 138 143 158 156 163 160 150 118 157 127 169 136
0 2 3 0 18 16 79 126 90 60 190 123 123 166 185 150 138 167 121 181
0 0 6 0 1 1 23 15 15 11 33 35 80 63 113 76 115 130 65 32
5 0 0 5 3 0 6 0 12 2 10 3 15 15 21 10 26 13 12 11
6 5 5 0 4 7 0 3 5 3 0 0 0 4 0 0 0 0 0 3
0 14 90 197 157 109 57 31 21 18 5 7 0 17 2 13 7 3 3 18
0 14 101 189 133 70 47 24 13 13 3 7 4 0 0 0 4 0 0 15
15 20 143 197 127 70 55 38 5 11 3 7 0 0 5 4 7 0 5 2
10 66 79 208 122 79 31 19 7 10 0 8 0 0 4 4 0 0 0 1
0 29 127 182 123 71 37 25 13 0 0 7 5 5 5 3 0 11 1 13
11 24 70 181 144 101 37 21 16 0 5 2 0 2 0 2 0 0 6 0
0 16 74 180 145 101 48 41 11 5 0 6 6 7 0 0 9 0 6 11
11 13 82 186 181 103 58 30 19 17 11 6 0 0 0 4 0 0 0 0
0 16 87 125 123 84 69 25 10 16 11 0 0 14 0 9 9 7 6 0
2 20 47 127 156 92 50 75 29 18 0 0 7 0 0 0 13 6 3 9
6 6 69 167 138 96 46 69 42 16 18 18 7 10 7 8 10 12 14 10
8 6 46 91 205 145 84 61 41 32 22 21 21 24 19 11 12 7 15 34
0 10 9 59 205 146 133 69 47 52 34 11 28 20 16 24 26 25 18 13
0 0 11 67 71 181 157 71 73 82 67 48 60 51 60 57 40 50 44 34
6 2 8 15 65 156 175 137 151 128 117 85 68 92 108 83 67 67 91 109
0 10 0 8 21 64 215 157 158 144 159 143 144 144 136 120 137 111 157 145
0 0 2 3 20 23 117 172 110 76 207 143 154 154 166 165 124 171 136 180
2 3 2 0 0 10 28 34 21 32 61 84 100 70 152 94 134 119 94 59
0 0 0 6 2 8 4 0 14 1 0 11 21 24 16 29 56 30 30 13
9 3 6 1 6 0 0 1 3 0 0 0 0 14 0 10 6 2 11 3
5 24 105 203 137 88 55 31 21 12 12 11 12 14 8 0 7 8 6 27
4 35 107 158 116 67 33 26 6 2 0 0 6 2 0 0 11 11 7 7
8 37 181 176 115 59 44 32 14 14 6 6 1 2 2 1 1 4 0 6
12 99 75 190 103 71 39 28 12 7 13 7 4 0 1 6 0 5 0 15
5 59 132 158 111 62 35 19 8 7 1 5 9 2 0 4 0 1 7 3
0 38 122 177 119 76 24 26 18 2 4 0 2 0 1 5 0 0 0 13
18 30 134 172 145 93 53 39 12 9 1 0 0 6 10 2 7 8 0 0
8 21 122 177 159 100 45 18 15 7 8 4 0 1 0 1 0 0 0 4
6 29 130 168 112 65 58 35 9 9 11 5 5 6 4 0 0 1 0 5
6 18 88 120 141 82 41 63 13 6 2 0 8 0 7 0 0 1 0 8
2 17 74 153 157 76 40 57 30 4 8 10 12 7 13 2 8 7 13 12
0 10 60 168 195 134 73 53 30 23 17 10 8 3 9 0 14 15 13 18
0 9 32 99 188 145 112 63 36 52 28 11 17 11 22 23 27 20 19 11
3 0 27 114 92 162 150 57 65 66 68 38 55 32 31 34 39 43 36 33
6 2 5 30 81 168 158 104 132 120 104 68 67 74 91 71 60 72 74 87
0 7 0 16 46 71 184 145 165 163 142 126 132 127 136 108 120 93 133 133
5 0 0 2 19 37 141 225 136 119 168 170 173 178 164 141 127 165 150 160
0 1 4 0 10 23 26 37 41 43 96 151 118 111 183 116 136 172 99 86
0 0 0 0 1 1 3 6 28 6 5 21 44 27 18 35 72 37 53 28
0 0 0 0 0 0 4 2 1 4 0 3 8 1 0 0 5 2 10 11
0 37 135 159 122 80 40 28 11 7 12 4 11 1 0 3 6 8 5 21
11 40 119 137 106 59 27 14 11 8 0 6 5 0 1 0 0 0 4 10
14 60 207 158 111 48 32 24 10 8 7 6 0 0 10 2 0 0 0 9
19 86 101 157 78 61 29 16 5 0 4 0 11 3 10 5 8 2 6 15
10 74 139 156 94 47 29 11 4 3 0 3 0 3 3 0 7 3 5 10
7 43 187 167 116 80 20 25 10 2 6 3 11 0 0 0 12 3 0 14
15 30 166 162 124 84 46 41 14 0 5 0 1 3 0 0 0 2 0 6
10 44 118 165 134 82 39 17 18 8 7 6 0 3 9 7 5 0 0 3
0 78 163 173 103 62 46 24 19 14 8 1 0 0 2 0 2 4 7 3
3 57 119 135 125 69 37 49 25 13 8 2 2 7 0 7 5 3 0 5
8 16 83 182 127 69 41 52 22 3 3 10 5 1 3 0 0 14 0 15
4 7 75 230 179 112 58 45 23 18 20 15 0 14 5 2 16 18 21 18
2 18 36 121 174 133 101 50 33 37 20 10 26 6 9 19 9 16 18 16
9 0 48 136 111 166 113 50 60 60 53 28 42 33 38 36 31 35 26 23
0 4 6 68 124 166 141 84 115 109 92 62 54 74 78 51 54 68 62 79
0 0 11 17 69 76 197 149 173 162 121 116 116 107 121 94 108 77 119 132
0 0 5 8 28 47 152 221 128 150 161 181 164 179 150 134 125 146 145 152
1 0 1 0 7 25 63 41 46 60 133 164 153 125 177 135 147 172 129 90
0 0 0 0 4 13 0 11 28 18 17 30 55 53 32 64 107 55 77 49
3 0 0 0 3 1 7 3 0 1 9 1 6 7 6 0 0 16 10 11
15 63 132 154 109 63 33 27 15 4 8 4 0 1 0 4 2 4 12 20
21 76 121 125 90 54 17 15 10 8 11 10 0 0 6 1 0 13 0 3
19 86 192 139 96 41 29 25 0 12 0 0 10 6 7 0 0 8 11 13
28 117 123 136 70 50 24 12 0 6 5 0 0 0 4 2 0 0 6 6
29 112 186 141 85 41 24 10 5 0 0 5 1 0 0 0 8 2 0 12
28 81 192 140 109 72 14 20 10 6 0 3 0 0 0 0 4 1 0 0
39 62 199 140 105 66 29 31 5 2 4 2 4 4 7 0 0 0 3 0
27 61 130 159 129 76 37 9 13 0 1 0 0 0 0 4 0 0 0 14
23 106 169 147 91 56 40 8 4 10 13 3 3 4 2 7 0 8 4 0
12 103 188 137 103 50 31 39 15 19 1 10 3 3 5 7 5 11 3 5
0 13 87 178 121 52 28 39 15 9 1 18 0 4 1 4 0 2 0 13
16 17 87 232 156 107 49 43 26 18 11 15 10 7 7 7 8 0 11 15
0 21 69 146 160 135 94 39 21 25 17 13 20 13 11 13 20 7 12 10
0 9 64 141 155 172 107 41 46 44 58 26 34 31 25 27 22 29 29 17
0 0 14 93 155 173 128 62 95 99 75 54 48 58 73 55 33 54 58 57
0 5 0 32 95 84 168 148 170 148 105 99 94 96 98 78 90 64 87 112
8 4 1 13 51 86 142 230 166 159 148 168 156 155 129 128 126 140 144 146
2 0 0 2 31 36 107 71 85 112 171 177 189 154 191 168 146 174 127 106
3 10 0 4 0 17 15 17 41 26 35 75 70 107 79 98 111 61 80 71
0 6 5 0 2 2 0 0 0 10 0 12 15 12 8 9 13 15 22 8
8 65 137 125 98 56 35 12 13 9 4 0 5 10 5 2 5 5 8 11
19 81 139 105 79 33 19 16 11 6 2 7 0 1 6 0 11 3 2 5
23 121 180 134 93 36 27 14 1 3 1 0 0 6 5 0 4 0 0 7
50 127 124 132 62 40 16 11 9 7 5 5 2 7 0 0 0 0 5 9
59 131 176 125 61 33 27 14 5 0 0 0 6 1 0 0 10 8 6 5
37 113 203 113 94 57 17 13 16 0 6 3 0 4 0 0 8 6 10 3
55 87 195 135 96 55 25 26 7 8 7 1 0 0 0 0 0 10 0 2
37 89 147 129 103 63 20 21 21 5 4 6 1 5 6 0 0 0 12 0
19 127 164 155 81 38 25 7 10 2 7 0 1 2 4 8 5 0 7 1
33 135 193 140 92 54 27 32 16 0 6 1 2 0 0 0 0 5 7 5
17 24 114 165 118 42 21 42 23 3 7 6 9 1 0 0 7 0 14 0
13 29 119 208 121 85 46 29 20 19 12 14 5 5 0 0 2 12 17 9
10 24 101 153 131 127 74 34 25 24 18 18 24 4 13 20 26 13 10 17
4 3 76 150 168 158 94 47 42 40 46 22 36 26 22 32 29 26 30 22
3 4 8 103 143 163 115 65 79 78 56 40 37 41 56 39 36 51 40 57
0 0 0 55 122 105 148 142 157 129 107 77 76 90 81 67 76 63 83 117
0 9 10 20 77 88 149 199 174 169 143 148 157 143 114 126 113 118 136 126
0 7 0 0 25 60 176 84 120 110 195 176 193 163 180 154 169 176 149 154
0 1 3 6 4 38 19 29 65 28 50 112 96 149 141 144 130 73 106 131
0 2 0 1 1 4 12 14 15 16 10 24 25 22 30 25 23 17 21 12
19 78 156 127 86 50 28 18 5 14 8 6 6 0 0 4 0 1 1 6
21 108 147 92 64 26 17 14 3 4 4 5 0 0 2 4 8 0 7 0
31 156 166 128 69 24 22 19 5 1 2 5 0 2 0 0 9 5 5 0
67 129 140 108 48 35 10 6 2 0 3 0 4 7 0 0 0 0 2 3
89 152 176 103 63 25 21 10 7 0 0 0 3 0 0 2 0 3 4 7
41 139 184 124 93 47 3 24 9 2 0 6 0 0 6 0 6 0 0 1
73 110 178 117 89 37 25 19 13 13 0 14 0 4 0 4 0 6 0 9
55 119 145 127 81 48 29 13 0 3 9 2 8 0 0 3 9 0 6 1
44 153 165 147 70 34 33 16 6 2 11 2 1 0 0 4 12 7 1 3
60 197 169 140 76 33 17 35 12 5 8 7 0 0 6 0 3 2 0 10
14 39 139 159 115 38 20 35 24 6 1 9 0 0 1 0 1 1 1 8
30 48 130 187 116 83 35 29 12 20 5 15 1 4 5 0 0 4 13 9
0 37 164 143 114 120 65 30 19 25 13 10 13 13 10 10 15 8 10 9
8 18 118 155 193 134 69 32 42 35 32 28 24 17 15 19 17 15 23 13
3 6 29 130 166 130 109 51 71 56 57 43 30 44 50 38 26 40 34 54
3 6 2 87 119 102 135 132 133 122 88 70 78 69 78 55 64 49 61 109
0 3 0 36 76 102 143 183 151 164 121 136 150 126 99 115 95 114 140 118
0 0 8 5 58 75 172 109 151 161 184 180 185 188 165 158 157 151 137 196
3 5 2 6 16 53 21 38 87 37 95 152 124 173 145 133 138 106 138 136
0 0 0 0 1 13 1 16 16 35 20 42 37 42 59 32 33 30 41 18
38 90 145 106 75 39 18 7 8 16 6 3 9 0 0 0 2 0 0 2
39 156 172 77 62 33 18 9 7 1 1 6 3 2 4 0 1 0 6 6
42 166 147 98 61 22 13 3 0 4 18 0 0 0 0 3 1 4 0 0
88 152 172 98 34 47 3 12 14 0 0 3 1 7 2 0 0 0 5 5
147 139 162 104 49 23 15 14 0 0 0 0 1 0 0 0 0 0 5 0
58 166 159 100 84 29 11 11 2 0 5 0 0 1 0 1 0 0 10 4
94 128 167 96 74 40 21 16 6 3 3 0 6 0 0 3 0 0 0 7
60 135 155 103 67 52 23 0 8 9 6 0 1 6 6 1 10 10 2 6
59 162 152 140 63 29 32 6 7 0 17 15 0 0 2 0 5 2 5 2
71 201 174 132 75 33 8 25 9 0 1 7 2 8 0 7 0 0 6 9
19 65 148 135 104 44 19 26 15 4 0 6 0 0 7 1 0 6 1 9
35 43 141 171 96 72 35 23 13 0 6 7 0 0 0 5 0 0 1 6
16 76 182 146 93 104 68 21 10 27 10 5 14 7 9 15 7 12 6 7
7 25 140 168 183 120 65 30 29 32 26 14 25 19 15 17 10 10 22 19
5 21 40 165 151 126 94 44 57 49 40 30 25 39 40 20 22 37 32 49
0 1 16 102 147 106 127 130 120 113 87 57 68 59 69 42 40 44 60 84
0 0 14 41 110 152 136 152 144 154 110 105 133 117 80 102 102 82 125 90
0 0 5 7 83 92 182 112 167 181 196 171 166 180 160 147 137 141 147 175
6 1 0 0 21 69 54 48 93 42 97 174 133 168 154 139 160 100 189 145
1 3 0 0 13 13 11 14 23 37 26 68 66 94 92 39 35 57 74 29
52 80 138 91 59 37 14 13 8 0 0 3 0 11 3 1 1 6 0 4
83 154 166 69 55 21 10 8 3 4 0 6 6 7 0 0 0 2 0 8
73 209 137 103 51 20 16 10 1 6 0 4 3 0 3 0 0 3 1 1
98 149 194 65 27 23 6 8 6 7 0 0 3 4 0 4 0 0 4 4
173 163 139 92 39 32 3 8 0 12 0 0 0 13 13 0 1 6 1 4
96 184 139 86 78 34 19 0 5 0 0 6 0 0 0 0 3 0 7 7
109 136 166 82 57 37 13 12 6 4 10 6 0 1 3 1 2 2 6 0
107 150 144 85 53 41 9 12 13 0 1 1 4 0 5 0 0 3 0 0
100 188 144 124 54 28 22 11 0 14 5 5 8 0 0 0 8 6 5 6
91 188 165 119 65 23 20 25 7 6 0 0 4 6 2 0 9 0 11 1
24 51 148 117 86 21 10 24 12 1 9 8 0 10 0 2 3 1 2 4
76 81 143 147 84 62 29 24 17 7 13 11 6 0 14 6 11 3 7 3
19 127 183 136 84 92 48 22 17 14 10 6 16 16 11 8 2 8 1 10
28 31 158 157 177 111 60 21 21 24 26 13 13 14 13 23 13 15 15 18
6 47 48 164 153 101 78 35 56 43 40 32 12 31 40 17 12 26 18 39
0 6 34 131 189 124 98 120 110 112 72 40 59 52 62 40 53 38 65 83
3 0 14 49 114 168 130 121 143 131 101 106 111 97 69 85 86 79 118 81
0 0 8 24 115 128 205 127 174 209 177 155 153 150 146 134 133 116 124 160
0 0 0 14 33 89 77 94 127 72 119 204 154 181 138 140 151 123 200 177
0 0 0 0 14 10 14 28 21 53 52 85 115 118 146 66 77 60 91 46
60 106 132 73 47 32 16 5 0 1 16 13 5 8 0 4 3 3 0 12
127 173 148 58 45 24 8 11 5 4 0 8 1 0 1 1 0 0 3 1
89 222 124 85 53 17 13 1 4 7 4 3 0 0 0 0 0 10 1 5
103 138 192 71 34 10 6 6 0 0 1 0 0 0 0 0 0 0 0 2
162 196 134 75 33 27 8 11 8 6 1 1 0 7 0 4 5 1 10 4
179 165 125 84 60 40 5 6 9 1 0 0 0 4 10 1 0 0 0 2
135 146 143 65 41 40 17 19 0 4 0 2 3 9 6 3 0 0 6 0
113 207 126 83 50 43 21 5 5 9 5 6 6 0 0 0 0 0 0 0
131 179 141 113 49 26 17 10 7 2 2 0 0 0 0 0 0 5 5 10
105 187 161 114 52 27 13 28 3 7 9 0 1 3 10 2 2 6 0 6
29 108 128 103 68 31 16 16 14 15 3 0 7 3 0 0 0 9 6 6
104 93 154 123 70 58 23 17 13 0 4 7 0 10 0 0 7 0 9 0
30 135 203 139 72 88 38 25 8 10 2 11 12 0 0 17 2 5 0 8
48 42 165 128 171 87 36 3 17 24 32 7 13 9 13 10 6 15 12 14
6 50 82 179 139 88 66 29 27 39 27 20 23 29 28 21 10 30 24 29
14 24 47 160 173 125 89 97 91 82 63 41 52 37 53 24 40 23 49 72
10 6 23 56 173 185 126 102 137 142 84 82 93 93 61 64 67 63 96 76
0 0 6 46 124 169 200 146 196 216 157 144 137 136 121 132 121 98 131 155
0 0 8 27 63 138 105 114 157 78 135 213 166 178 161 127 141 113 175 181
3 0 4 9 10 31 39 26 34 70 63 128 125 160 176 95 143 70 111 51
71 112 129 64 48 25 14 11 0 0 14 0 0 2 6 0 0 1 2 11
150 192 135 47 30 25 5 7 0 0 9 0 0 0 4 0 0 7 0 1
127 192 111 61 32 14 14 8 0 0 0 1 2 0 6 0 0 0 5 4
109 127 169 51 16 17 10 0 0 2 6 0 4 0 3 2 0 0 0 6
223 179 115 64 32 12 0 0 2 6 0 11 0 0 0 4 0 1 2 1
203 174 125 68 48 28 6 10 1 10 0 0 0 0 0 0 0 8 0 0
147 159 121 67 38 27 20 8 4 0 9 0 4 0 0 2 0 0 0 4
124 205 120 61 42 27 6 12 0 3 11 0 0 0 1 0 0 0 0 0
155 182 119 102 37 20 24 3 8 9 0 0 1 0 0 0 2 0 0 2
134 184 134 107 40 20 5 10 14 0 0 2 4 0 0 0 0 1 5 7
45 132 115 106 68 23 9 13 3 0 0 0 0 5 0 8 0 0 4 0
127 129 148 114 51 35 18 22 10 7 4 0 4 3 8 2 4 0 7 7
45 174 195 141 61 68 37 17 1 18 14 5 5 2 0 10 0 0 0 0
60 84 185 124 150 68 35 17 16 25 21 16 9 12 19 10 8 20 14 3
21 63 91 183 134 79 68 21 39 40 23 22 20 25 21 14 23 20 10 33
19 30 66 162 167 135 62 88 87 81 50 29 42 39 34 31 28 23 41 64
0 5 43 82 186 196 105 89 129 114 74 76 86 84 57 58 59 58 80 59
1 0 7 51 156 197 173 140 177 194 144 126 124 132 98 115 102 95 119 130
3 4 0 56 70 137 115 131 156 109 157 184 166 184 147 117 134 131 169 166
2 3 7 0 22 37 36 27 62 95 108 173 154 156 237 120 136 93 175 80
83 108 113 60 40 21 9 4 0 0 0 0 5 0 0 0 0 0 7 3
152 184 120 39 27 9 12 10 8 12 0 0 0 0 0 0 4 0 0 0
169 172 83 53 34 3 12 5 0 6 0 0 0 0 0 0 0 8 0 0
140 134 137 45 21 13 8 0 0 0 4 1 0 0 9 0 0 0 0 0
200 170 90 55 32 17 2 4 0 0 5 0 0 0 0 5 9 4 7 5
214 167 103 64 44 18 19 5 0 3 0 0 0 0 0 2 3 3 0 0
168 158 107 56 31 17 10 8 10 3 3 12 0 0 6 0 1 0 0 3
140 187 110 58 24 33 7 8 0 1 0 0 5 6 7 1 1 0 0 1
165 157 107 87 40 22 16 10 7 0 0 0 0 1 5 0 1 0 8 1
170 155 136 89 34 20 18 21 0 0 0 1 0 5 0 0 1 0 0 5
58 150 121 79 54 5 8 14 9 0 6 7 1 0 1 0 4 8 7 2
129 137 150 101 50 32 18 21 0 6 7 6 3 0 6 4 3 7 14 0
72 199 159 115 57 57 33 9 0 16 8 6 0 0 6 0 4 0 0 0
99 105 192 118 127 58 39 17 22 12 21 11 9 11 4 19 6 18 3 7
26 66 97 178 118 67 57 11 31 36 23 18 8 15 23 20 14 18 14 26
28 47 52 175 164 128 61 71 65 64 47 29 28 32 27 17 25 20 28 41
3 0 50 125 200 184 115 66 119 115 69 74 71 76 44 60 47 52 67 54
7 2 14 81 182 177 154 149 165 174 118 104 106 114 95 107 87 83 112 113
0 2 0 76 99 157 134 145 158 137 154 167 160 169 134 111 136 137 158 147
1 0 7 17 33 42 43 41 66 113 141 181 203 188 237 135 151 134 219 94
103 136 84 51 35 16 13 0 10 7 0 8 2 0 0 2 6 10 1 11
174 159 108 27 24 12 0 8 7 1 10 12 1 1 0 5 0 0 0 3
178 147 78 52 28 18 10 16 0 0 0 0 0 3 0 0 0 0 1 2
159 120 122 34 12 12 5 0 1 0 3 0 0 0 8 0 0 0 0 7
183 146 84 47 19 11 11 0 0 2 0 0 5 0 0 3 0 3 0 3
213 149 98 45 36 23 8 7 11 0 0 0 0 1 1 0 6 0 5 5
182 159 99 43 28 7 21 19 0 1 2 4 0 0 0 5 0 0 6 4
151 158 102 46 33 25 15 3 6 0 0 0 0 2 3 0 4 0 1 0
180 134 100 68 32 20 14 0 7 5 0 2 0 0 12 1 0 1 3 1
185 137 106 83 27 16 3 3 10 5 11 0 6 0 5 11 4 4 5 1
60 153 121 67 59 23 12 5 17 0 11 0 0 0 0 4 7 0 2 2
159 133 137 75 34 29 18 15 5 9 3 3 0 0 6 1 3 3 6 7
90 181 146 107 46 54 27 16 6 14 5 3 12 0 4 2 7 0 9 3
131 139 159 112 113 50 22 16 8 10 13 0 12 2 10 4 1 9 1 10
34 107 95 156 112 51 39 16 38 25 25 12 12 20 24 7 4 22 14 16
42 65 72 171 144 118 46 58 61 53 32 32 30 24 27 11 21 25 24 54
5 20 59 133 185 160 94 68 105 98 64 47 64 64 41 54 43 43 67 39
6 8 28 95 178 157 129 136 143 157 111 92 104 96 81 90 81 67 102 111
3 7 15 92 138 148 145 163 155 145 152 152 167 154 154 109 122 136 149 134
1 2 6 21 50 73 66 46 113 157 183 188 199 185 211 145 197 157 216 119
116 170 101 39 22 23 10 1 0 2 7 0 0 0 0 1 1 0 5 4
169 147 83 27 26 13 10 4 1 3 3 8 0 3 0 0 0 0 0 2
189 131 60 47 16 3 9 6 0 7 5 0 0 0 1 3 2 5 9 9
167 109 104 31 9 8 0 0 0 3 9 0 0 6 0 0 0 0 1 0
167 130 67 42 16 12 9 1 0 4 0 0 0 0 0 3 0 0 0 7
184 141 66 48 23 21 8 3 1 0 4 0 0 5 0 16 6 0 0 0
189 163 86 40 26 13 11 9 8 4 0 0 0 2 2 2 5 5 7 0
177 133 93 35 25 19 16 17 0 12 0 3 2 0 9 0 0 1 0 1
170 127 79 52 33 15 13 0 0 3 0 0 0 0 3 6 0 0 0 5
180 118 105 65 26 11 1 11 7 2 0 8 13 0 2 3 5 0 0 4
88 150 107 57 40 21 8 4 9 0 0 0 0 7 1 0 0 0 0 7
174 133 130 63 29 21 3 4 5 0 8 0 0 1 1 3 0 3 0 7
141 167 133 100 37 53 24 2 0 11 6 2 3 1 8 8 0 0 1 9
152 157 128 87 97 37 20 16 14 11 16 4 7 5 10 4 8 5 0 0
39 165 112 138 119 50 39 16 19 25 23 5 13 25 21 24 6 21 14 14
34 112 100 150 138 110 47 39 51 40 30 20 25 22 29 11 20 19 25 42
7 32 60 168 169 143 78 46 92 77 56 45 63 48 41 46 39 29 45 39
13 0 51 126 186 141 116 138 138 119 90 81 85 84 69 75 63 59 81 91
8 0 21 89 149 153 145 163 153 184 159 133 143 125 138 120 106 124 119 144
0 0 11 19 57 120 77 64 146 144 199 188 196 177 186 155 200 152 189 128
148 180 87 39 27 10 7 1 13 2 0 0 0 4 0 0 7 7 4 8
176 128 71 19 10 5 8 0 15 0 0 0 1 1 5 0 0 7 0 0
185 117 47 43 26 11 13 5 5 2 11 0 9 0 5 0 0 5 0 0
153 99 88 32 4 11 9 0 2 0 0 7 0 0 0 3 1 0 0 0
146 108 56 33 9 2 0 2 2 4 5 0 0 3 0 1 0 0 1 3
172 125 72 27 28 16 3 6 13 3 2 0 10 0 0 0 0 0 4 0
152 134 67 32 4 19 3 0 0 2 1 7 0 4 4 0 0 6 0 0
166 127 81 33 23 19 10 4 2 0 0 0 2 0 10 7 6 0 1 0
143 111 72 52 18 4 13 0 6 7 0 2 14 0 6 1 0 0 0 1
149 105 77 71 22 15 5 12 6 5 0 2 0 0 3 0 4 4 0 0
120 136 92 53 32 9 0 0 0 0 0 11 4 9 4 2 0 10 0 0
165 155 117 44 22 19 8 3 0 0 0 2 0 7 7 6 2 5 4 10
190 161 119 84 41 52 14 2 14 9 13 6 2 9 6 0 6 2 7 3
168 186 126 73 79 37 17 3 7 13 0 3 8 9 9 15 4 9 14 2
71 181 117 121 83 42 29 17 23 13 13 14 16 8 2 2 6 8 5 13
44 118 115 144 113 101 42 39 43 30 27 15 24 21 17 9 16 9 17 33
20 41 84 163 155 118 85 47 75 80 43 44 47 38 32 35 31 26 32 34
9 16 86 139 164 125 91 127 118 108 84 65 63 77 56 65 52 55 82 88
0 3 20 122 178 143 170 149 134 180 138 122 140 118 111 107 104 123 111 115
0 17 11 43 73 135 91 110 153 157 205 191 166 167 165 158 185 145 173 142
164 152 79 25 24 11 12 2 8 0 2 0 0 2 0 7 0 3 0 0
173 111 59 22 19 7 0 2 0 0 0 0 0 1 4 1 0 0 0 1
165 88 46 39 14 12 5 4 0 4 2 0 0 0 0 0 0 0 5 0
143 87 76 22 10 11 5 0 1 0 0 0 2 0 0 4 0 7 0 4
129 89 48 28 2 9 10 0 4 3 2 0 8 0 1 0 6 5 0 5
155 106 60 31 30 17 10 11 0 0 0 0 4 0 1 6 5 2 8 8
138 129 63 24 20 13 6 7 2 3 0 0 1 0 10 0 0 1 0 0
143 109 70 27 24 6 12 0 0 1 8 0 7 4 0 2 3 0 5 1
130 99 55 38 23 6 5 1 0 0 0 9 5 0 0 0 6 2 0 0
151 91 78 52 16 9 3 9 5 0 9 1 0 5 1 0 0 4 6 0
193 143 87 49 37 5 7 7 4 0 2 0 0 0 0 0 6 0 0 4
155 166 90 45 31 5 10 3 13 8 4 0 0 0 1 0 0 0 6 1
194 140 99 75 25 39 23 8 0 3 5 0 5 10 0 0 5 1 4 2
177 197 117 75 77 36 14 14 8 4 9 1 10 0 0 9 1 0 5 0
67 184 134 102 78 38 25 9 15 26 10 0 9 6 16 6 8 9 8 11
48 144 132 122 101 85 37 39 30 28 31 15 17 22 19 16 19 13 17 34
31 54 81 168 134 99 58 30 68 68 29 25 40 41 26 32 29 33 30 23
2 12 86 146 144 116 83 114 100 86 70 60 51 68 46 59 46 44 71 69
11 12 36 151 158 138 168 160 111 163 145 103 115 95 99 104 89 111 93 107
0 9 25 51 99 170 111 117 160 140 191 179 143 154 134 166 191 144 154 173
172 134 67 15 20 16 1 6 0 5 3 0 0 0 5 10 3 9 0 20
164 89 60 22 13 9 10 6 0 0 0 0 4 1 10 0 0 4 11 3
163 75 40 22 13 11 0 0 0 0 3 4 0 5 10 0 3 0 10 1
135 69 58 16 0 3 0 9 4 0 3 0 10 0 0 3 0 1 1 0
107 83 37 29 5 2 4 3 11 0 0 0 0 0 0 0 0 0 4 0
136 83 51 32 18 11 0 0 4 0 0 5 1 0 1 0 7 6 0 0
126 98 48 29 17 9 6 5 8 5 2 0 0 4 1 0 0 0 0 1
136 101 66 27 16 7 9 0 8 0 5 0 0 2 1 1 3 1 1 1
136 87 55 35 16 3 8 0 1 0 0 0 0 7 0 0 0 0 0 13
128 70 64 47 14 10 4 5 4 1 0 4 0 2 0 5 4 0 3 0
188 123 71 32 20 9 9 0 1 3 6 0 4 1 0 1 0 0 0 7
163 165 91 36 20 21 2 9 10 8 9 9 2 4 0 0 7 10 5 6
205 131 79 60 27 23 11 0 4 4 6 1 9 0 1 7 2 7 0 6
183 194 97 64 59 23 8 10 0 13 11 5 2 7 4 6 3 2 1 0
107 177 154 89 70 36 27 7 11 11 13 9 2 8 16 4 3 16 11 17
99 152 150 110 83 80 22 32 34 24 17 16 7 15 16 9 10 13 20 36
34 86 99 179 105 89 58 27 59 52 28 30 34 32 19 19 20 28 22 26
28 29 133 157 128 113 76 99 77 79 55 49 41 58 44 51 46 37 69 69
0 5 81 148 161 130 146 146 106 151 122 97 110 82 93 90 76 100 84 95
6 11 39 65 132 226 133 117 149 159 182 156 137 146 119 155 152 141 140 162
182 132 60 27 13 3 6 7 1 4 0 2 3 0 0 5 0 0 5 0
150 77 43 11 6 5 6 4 1 0 0 2 3 0 10 0 0 0 0 0
132 73 37 23 13 1 8 0 4 1 1 4 0 1 2 2 0 6 5 6
119 69 57 20 0 0 3 0 0 6 0 5 1 7 0 0 7 0 0 0
92 58 38 25 13 10 0 3 0 0 2 0 0 0 0 0 0 5 0 2
104 66 38 24 18 5 0 2 0 1 2 0 0 2 1 1 0 0 2 0
126 101 44 23 13 13 7 3 2 0 0 1 0 3 3 3 5 0 0 0
129 90 61 20 15 14 5 2 0 2 0 7 0 2 5 0 4 0 0 0
112 80 56 32 21 0 9 3 0 5 0 8 0 0 6 0 0 0 0 0
134 59 50 42 13 11 0 0 0 0 0 6 0 0 0 0 0 0 3 0
184 112 69 29 17 7 3 0 0 2 0 0 0 6 1 0 0 0 9 7
143 147 75 33 29 13 14 3 0 5 2 0 3 1 0 0 3 0 1 0
210 114 80 60 19 23 5 9 7 0 0 0 3 7 8 6 0 0 0 4
189 170 84 49 49 14 15 5 12 3 0 2 8 8 2 8 0 11 7 6
157 165 171 69 61 27 21 3 7 18 8 5 9 6 11 5 4 14 6 6
150 160 171 92 67 76 19 25 28 23 23 6 14 9 19 7 3 1 9 17
36 137 112 156 105 72 55 20 45 49 24 20 36 37 13 34 23 14 30 14
53 41 149 157 112 94 63 86 66 57 50 49 45 51 33 48 34 44 49 58
13 14 117 159 145 119 126 125 94 137 118 81 91 69 80 87 65 85 68 72
8 24 31 85 200 229 150 136 140 149 169 131 122 113 103 133 148 145 120 154
155 104 44 23 17 5 0 2 5 0 5 2 1 4 7 0 5 6 9 6
124 65 32 20 4 13 6 9 2 0 2 4 2 5 0 3 0 0 1 0
123 60 26 14 6 8 7 1 0 6 0 2 0 2 0 4 4 7 0 0
112 53 45 14 13 0 0 0 0 0 5 0 4 0 11 4 2 0 0 0
81 64 28 23 0 10 5 2 0 7 0 6 0 0 9 0 1 10 0 4
93 62 36 15 15 11 6 1 4 0 0 4 5 0 0 0 0 0 0 5
102 87 33 24 2 10 2 0 3 7 0 0 0 5 0 0 2 1 2 8
116 72 52 14 6 5 6 3 6 2 0 1 0 4 0 0 0 6 2 0
116 67 35 27 9 12 13 5 2 0 0 0 0 0 0 0 5 0 5 1
109 57 47 35 3 11 0 0 3 9 0 0 0 8 0 1 11 0 0 0
168 112 67 30 14 10 1 4 7 0 0 4 0 8 0 8 0 1 0 3
120 135 74 17 11 9 2 10 3 3 0 0 5 0 0 9 1 11 2 0
179 100 66 38 24 22 10 1 0 0 0 0 3 1 0 0 5 0 0 0
153 155 70 54 37 20 8 0 2 13 4 0 2 4 0 4 0 2 1 0
197 160 145 70 37 25 26 5 10 13 12 4 5 7 6 7 8 8 1 11
158 170 151 85 67 66 21 30 22 19 22 0 11 12 8 10 4 0 9 14
60 137 102 158 81 61 43 17 38 48 23 17 19 25 13 19 17 10 23 19
61 42 163 163 98 79 48 80 60 51 48 34 30 37 18 43 22 36 42 47
19 34 130 155 134 113 122 113 86 132 100 63 70 54 80 79 59 78 60 68
12 18 40 122 188 205 138 132 170 134 139 120 98 87 88 137 122 124 104 158
156 98 38 18 20 7 3 4 0 10 4 5 0 1 0 8 10 0 2 10
99 64 35 11 0 0 0 0 0 0 0 2 4 3 0 5 1 0 0 0
106 41 25 14 17 6 2 0 11 3 0 0 0 0 3 0 12 0 1 7
101 45 35 14 1 6 0 0 3 0 0 4 1 0 5 10 2 1 4 3
65 45 23 15 4 19 0 0 0 0 0 3 3 0 8 0 4 1 3 8
85 57 26 15 15 4 11 1 0 3 0 0 1 5 3 7 0 0 4 2
91 71 29 1 3 3 1 12 7 0 1 0 0 0 2 10 9 0 0 0
105 62 39 26 7 10 8 6 0 0 0 7 12 2 0 0 0 1 0 0
89 61 37 20 7 1 0 1 3 0 0 0 3 0 0 5 1 3 0 1
106 36 27 15 6 11 0 4 1 0 1 1 1 0 0 0 1 5 0 4
172 97 53 25 13 6 0 2 0 0 0 2 8 0 0 7 0 0 0 2
110 114 58 19 13 7 0 11 10 9 0 0 0 7 4 0 6 0 0 0
157 92 54 36 14 18 9 0 0 0 6 0 2 0 4 0 4 1 4 0
145 134 65 43 29 16 8 0 0 8 0 2 9 0 12 2 3 0 2 0
190 135 150 60 36 25 13 13 3 10 15 0 2 6 11 0 4 16 0 4
163 164 133 72 45 44 21 22 19 22 20 10 7 18 18 5 10 10 13 15
90 136 137 126 66 48 32 12 35 33 14 21 21 23 20 20 15 10 21 18
84 50 164 145 87 75 50 68 53 41 39 19 35 34 22 30 27 27 45 49
44 42 171 173 127 99 109 100 82 106 84 53 59 42 64 62 50 80 47 65
22 26 66 122 183 169 158 143 147 137 107 90 88 93 62 119 104 101 92 127
130 88 29 7 12 3 3 0 1 3 4 0 0 8 6 2 5 0 0 2
88 48 35 9 20 0 0 13 4 0 4 2 0 0 0 5 0 0 0 0
84 40 19 19 4 1 9 0 9 0 0 6 4 0 0 0 2 0 4 0
92 45 28 8 6 0 0 0 9 1 0 0 2 0 3 0 3 0 0 0
56 45 22 4 12 0 5 0 2 3 0 1 2 0 5 7 0 0 0 0
67 45 31 27 7 0 0 4 10 1 2 3 0 1 1 6 0 0 1 0
79 49 28 22 3 7 2 3 3 0 0 0 0 6 6 0 11 15 0 9
82 50 36 8 0 3 7 0 6 2 0 0 0 0 0 0 0 1 0 3
82 44 24 12 14 10 0 3 0 0 0 0 0 0 0 7 5 0 0 1
99 42 29 22 0 0 4 0 0 1 3 4 0 0 7 4 0 0 0 4
152 90 50 23 8 4 10 8 3 0 0 10 0 2 8 0 1 1 7 0
91 95 52 17 13 12 0 0 0 5 7 8 0 0 0 0 4 3 1 0
134 67 52 34 12 15 13 0 0 3 0 6 4 0 0 0 4 0 4 2
128 117 59 38 24 18 6 0 1 5 5 0 9 3 0 0 7 2 7 0
200 133 144 43 38 18 11 0 0 7 5 0 1 9 1 2 5 1 5 5
144 157 115 68 46 54 14 13 26 10 16 3 0 3 1 6 0 7 0 8
154 156 133 108 59 49 27 6 26 37 27 9 24 12 8 11 10 17 19 7
119 74 156 127 75 66 33 58 42 30 28 27 26 28 27 28 17 30 30 31
79 67 160 161 110 94 92 93 70 92 81 43 43 41 52 51 49 60 40 48
29 28 85 140 176 163 160 133 132 122 100 88 74 74 58 112 78 92 78 127
103 81 25 15 12 5 1 0 5 5 2 8 5 0 0 4 4 1 0 0
78 50 22 13 0 7 6 0 3 0 0 4 0 0 0 0 1 3 0 3
83 33 22 7 12 0 0 3 8 0 0 0 5 2 0 0 0 1 0 0
78 36 30 15 6 0 0 0 0 0 1 0 3 3 5 2 0 0 0 0
50 39 20 14 11 0 2 3 5 1 7 0 6 0 3 0 0 6 0 5
55 36 12 12 10 14 5 0 6 0 0 0 0 9 0 3 0 0 0 0
72 50 18 8 0 8 3 0 0 13 0 2 0 3 0 0 4 2 8 3
74 43 33 8 0 10 0 1 0 0 0 0 2 2 2 0 0 3 4 0
67 43 25 19 0 2 0 0 0 0 1 6 0 2 0 0 0 7 0 5
82 36 30 14 0 11 0 0 0 7 0 8 2 0 4 0 0 0 0 1
133 75 33 10 14 13 0 10 0 1 0 9 11 7 2 0 11 0 7 1
78 84 43 15 6 2 7 6 6 1 5 3 2 0 0 0 0 15 6 9
119 57 40 26 10 18 12 0 0 0 1 10 4 0 4 4 3 11 3 0
114 107 44 35 27 12 6 0 8 4 0 2 0 8 0 2 0 0 4 0
176 107 121 40 36 12 7 2 11 18 1 0 4 2 0 8 12 4 6 4
142 143 114 61 33 45 14 14 12 14 5 0 0 8 2 1 8 7 4 7
215 153 123 99 49 44 24 1 19 28 13 9 21 8 3 17 14 7 12 8
146 98 138 114 66 54 35 51 35 23 27 11 20 21 10 21 26 24 33 27
101 87 170 157 96 79 86 89 73 90 67 42 36 38 46 46 37 55 33 46
26 51 107 142 153 128 139 144 122 97 91 60 57 62 48 95 68 78 68 113
96 66 30 1 3 2 6 5 11 1 0 3 0 2 7 7 11 0 0 7
62 41 23 5 0 8 10 0 8 0 0 0 0 2 4 2 0 0 6 0
70 27 12 3 0 0 3 0 0 0 0 0 3 6 0 0 1 0 0 0
62 37 19 0 7 0 2 6 0 3 0 13 0 0 0 1 2 0 0 0
39 22 16 13 9 5 0 0 3 1 4 1 1 6 2 7 3 7 0 6
45 37 23 6 3 6 4 0 2 2 0 2 0 0 0 3 0 0 2 0
50 44 18 3 3 1 3 0 5 0 4 0 0 2 0 0 2 1 5 1
57 30 21 11 1 7 8 0 3 3 0 0 0 6 0 0 0 9 0 0
60 41 15 19 13 4 1 0 4 0 0 0 0 0 0 1 3 10 0 3
68 22 21 11 3 0 0 0 2 0 0 0 2 0 0 0 0 3 4 8
112 69 35 6 3 0 0 1 0 0 6 0 0 0 0 4 0 3 0 0
65 75 32 12 0 5 0 0 5 0 6 6 1 0 0 2 6 5 5 0
91 52 25 21 4 16 5 4 0 0 0 4 0 9 0 0 2 3 0 8
91 85 42 23 16 4 0 0 2 0 9 4 2 11 0 0 6 2 2 0
169 100 107 21 20 17 10 0 6 8 1 11 3 0 0 5 0 4 10 1
138 127 105 43 36 31 6 10 7 17 11 6 0 0 1 12 7 6 4 10
182 164 132 73 47 32 40 12 22 14 8 10 7 13 10 24 0 10 20 8
168 112 147 105 54 46 31 37 27 24 19 17 5 19 5 15 9 8 25 29
120 141 163 124 89 64 68 65 40 74 54 32 32 25 37 34 33 52 21 42
31 65 153 153 142 121 123 141 103 73 78 54 47 61 40 79 66 69 47 100
84 55 18 10 14 9 6 0 0 9 1 3 6 2 0 0 2 0 0 0
53 33 20 5 1 0 0 4 0 0 1 3 0 0 0 1 3 2 0 0
52 20 10 6 9 0 0 4 3 0 0 5 0 0 1 0 0 4 4 3
53 29 17 12 9 6 3 4 9 6 6 9 10 0 0 5 0 0 0 6
38 31 12 6 4 1 13 0 2 0 0 0 0 0 0 0 0 0 0 3
43 24 7 0 8 5 0 8 1 0 0 0 0 5 0 0 2 0 8 0
52 49 11 15 9 0 2 1 7 1 0 0 1 0 5 0 0 0 3 0
61 37 14 10 0 3 0 10 0 10 0 0 0 0 0 2 2 3 0 3
56 27 19 13 12 3 2 0 0 5 0 5 0 0 6 1 0 1 9 0
54 22 21 11 1 4 1 6 1 8 0 10 0 5 0 3 2 1 0 0
100 60 36 10 8 2 0 0 5 0 0 8 0 2 1 0 4 5 8 0
65 71 26 10 5 7 15 3 0 5 0 7 6 0 0 3 0 0 3 5
85 44 32 16 4 14 0 0 0 8 0 0 3 9 0 3 0 0 0 1
77 80 28 10 13 1 4 5 0 0 3 1 6 0 0 3 3 0 3 0
150 85 98 20 20 14 16 0 12 5 3 3 4 0 0 10 5 8 0 1
137 116 99 35 20 39 8 16 11 5 3 0 7 3 3 0 0 8 4 4
180 156 131 72 46 28 13 10 13 16 11 4 13 8 6 13 9 5 14 1
172 131 134 90 49 44 18 44 23 9 10 18 14 19 0 13 18 12 27 25
148 136 145 116 79 63 67 56 47 58 40 35 29 22 30 35 21 44 31 32
71 91 159 145 120 103 114 120 85 68 66 48 48 41 32 60 49 66 42 80
76 36 23 13 6 0 8 0 1 10 0 5 0 0 0 0 0 2 2 0
48 22 6 5 2 5 10 0 6 0 0 0 6 0 3 1 1 1 3 9
36 17 13 3 15 0 0 0 3 0 5 16 0 1 0 2 9 0 6 5
51 19 21 6 0 0 0 0 0 0 0 0 2 1 0 4 0 0 0 0
16 21 7 6 5 7 2 0 0 0 4 0 0 1 5 1 0 8 9 0
32 21 15 8 1 0 0 0 0 0 2 2 0 0 1 0 4 5 8 9
44 40 8 7 0 2 0 3 0 0 2 0 0 4 0 0 6 0 0 0
44 26 17 0 1 0 5 0 5 0 1 0 5 7 3 2 0 0 0 0
44 23 22 16 7 0 0 0 0 0 3 3 0 3 0 7 0 1 0 3
44 26 12 16 0 7 10 7 6 0 0 7 1 8 6 0 0 3 4 0
91 60 30 16 14 0 4 13 2 5 3 2 2 2 1 7 1 5 1 11
55 51 26 16 7 1 1 0 7 5 0 0 4 0 0 0 3 9 0 0
74 31 32 14 7 10 1 13 0 4 6 0 0 5 0 2 4 0 0 0
66 70 21 17 17 10 5 2 3 0 6 0 2 12 6 1 2 5 0 0
110 75 78 19 11 16 11 0 5 3 4 8 1 13 0 0 3 3 5 7
116 106 85 46 19 31 4 0 12 6 10 0 4 12 3 11 7 0 11 1
164 148 122 57 26 23 22 6 13 17 11 9 3 13 3 3 10 15 5 4
178 135 123 79 38 35 9 15 14 7 12 11 15 22 10 20 13 16 23 29
167 149 136 92 73 58 59 41 36 47 31 17 27 15 35 39 25 44 30 25
91 127 175 155 114 81 99 99 80 60 49 45 34 43 27 65 40 61 39 70
60 31 18 6 5 8 0 0 0 0 0 3 4 3 0 0 0 3 6 0
42 16 9 0 3 0 0 0 0 4 0 8 6 0 0 0 0 0 0 6
45 7 10 5 10 0 5 0 5 3 1 0 4 3 9 6 3 3 0 0
33 24 11 6 0 14 2 10 9 2 0 4 0 0 3 5 10 4 0 6
26 21 18 2 10 0 8 3 0 4 0 3 0 0 0 0 4 0 0 0
21 24 6 12 8 1 0 0 0 3 0 0 0 0 0 1 0 1 0 2
37 27 16 4 0 6 6 0 0 0 0 0 0 0 0 0 0 0 1 0
41 30 23 0 0 7 9 0 7 0 7 10 0 0 0 0 0 0 4 0
37 13 12 8 5 0 9 0 0 6 0 1 0 1 0 0 4 3 2 0
42 20 17 9 0 6 6 0 0 6 0 0 0 1 0 4 0 7 0 0
69 50 19 4 5 0 0 0 9 3 0 6 4 1 0 0 0 6 3 0
45 53 21 9 9 0 0 0 2 0 5 0 0 0 0 0 4 0 4 2
52 27 21 13 9 12 5 4 0 0 3 0 10 0 4 0 6 2 0 0
54 53 24 8 14 4 0 8 0 0 4 0 3 9 4 0 2 7 0 0
101 60 67 25 10 6 4 2 0 0 7 0 0 2 0 0 5 0 4 0
114 89 79 30 10 29 0 12 12 2 7 2 0 2 0 4 0 8 7 7
156 138 116 55 19 19 19 13 11 16 12 14 8 1 0 5 7 0 0 0
168 137 118 72 34 30 19 26 24 5 11 11 5 19 10 9 12 1 14 10
161 149 140 84 63 43 42 48 32 51 36 22 16 23 28 30 19 34 25 18
104 140 182 143 98 67 82 91 73 53 47 29 34 30 33 47 29 52 30 60
55 29 21 3 0 7 0 11 0 1 5 0 0 7 7 9 0 0 2 0
34 25 7 0 1 0 1 0 8 0 3 0 0 3 7 0 6 10 1 0
27 8 10 5 6 4 3 6 4 4 0 0 3 9 9 9 0 0 0 0
29 11 12 7 0 0 0 1 9 0 0 0 2 1 0 4 0 0 0 0
17 12 9 1 0 0 8 2 0 2 0 0 0 0 0 0 0 0 0 0
33 4 2 0 0 1 11 0 0 3 1 2 5 1 0 2 8 0 8 4
40 16 10 3 0 10 4 3 0 0 0 8 1 0 15 5 0 0 3 1
39 22 12 3 4 0 1 10 0 0 4 0 0 5 0 3 0 7 0 0
27 11 2 4 7 9 3 3 3 0 0 3 0 3 5 0 4 2 0 0
33 11 9 2 3 0 0 0 2 1 0 1 0 6 0 8 0 1 5 0
57 45 20 0 3 6 5 0 0 0 1 11 0 7 6 4 0 3 0 0
39 39 24 9 9 5 5 0 11 1 2 0 0 4 0 0 2 3 0 1
49 25 16 13 1 6 5 0 0 0 0 6 4 0 0 6 2 0 0 0
45 42 22 12 7 4 0 0 0 1 7 12 5 0 6 1 6 0 4 5
94 55 51 15 6 0 4 8 2 0 4 4 3 9 2 0 0 0 9 6
105 67 80 20 22 19 7 9 5 1 10 13 3 7 0 9 2 0 3 5
138 142 105 45 20 20 10 0 18 10 0 9 15 9 10 11 0 11 7 6
154 151 97 62 39 30 9 15 11 11 5 9 14 19 4 4 9 8 6 16
178 142 124 74 55 35 45 39 32 34 30 22 26 9 26 25 12 24 12 22
122 174 164 135 74 62 82 77 60 47 37 26 28 27 20 47 30 43 18 48
31 29 15 1 1 3 1 0 4 0 0 0 9 7 0 2 0 0 0 4
25 22 3 0 5 0 4 0 2 5 0 7 0 0 0 2 2 0 0 7
27 4 11 14 3 1 3 4 0 1 2 1 2 2 5 0 4 1 0 3
20 18 4 0 5 9 0 1 2 2 0 0 0 0 1 1 0 0 0 7
16 12 7 11 4 0 1 0 9 4 0 3 0 4 0 7 0 0 8 2
22 16 6 4 3 6 3 0 4 0 0 3 5 0 0 0 8 0 3 0
29 17 7 0 7 0 5 3 1 0 0 2 0 4 4 0 0 0 1 0
31 22 4 2 0 0 0 0 1 2 3 3 2 0 0 6 0 0 4 0
27 19 1 8 9 0 0 6 4 0 0 2 0 0 0 4 7 4 1 3
38 20 13 8 0 1 0 0 0 2 0 0 5 0 8 0 0 4 1 5
47 38 14 1 2 3 0 4 3 11 0 1 0 0 0 0 0 0 0 3
38 36 16 6 0 3 6 0 0 0 5 1 0 3 0 0 0 0 3 1
46 14 21 9 1 12 7 0 5 0 2 0 2 4 2 0 0 0 0 0
45 34 13 8 14 9 3 0 8 2 0 3 3 3 0 0 0 0 5 7
73 50 41 8 5 6 6 0 0 15 0 4 7 2 1 0 0 4 0 3
93 63 68 22 19 12 5 2 2 5 0 5 17 13 6 0 11 9 0 4
120 109 90 40 16 14 14 0 9 0 8 4 12 4 1 1 0 0 7 0
157 141 97 60 29 26 9 22 4 16 6 8 12 13 3 7 0 3 6 1
170 154 115 59 47 33 29 34 25 23 22 20 10 13 17 20 6 18 8 7
131 190 153 112 55 48 75 72 49 47 29 7 20 19 24 42 17 36 27 43
51 25 5 0 3 5 0 8 0 1 0 0 0 0 2 0 4 0 0 0
24 12 11 11 6 6 0 0 0 3 7 2 5 1 0 2 0 0 6 2
20 11 5 0 0 0 0 3 4 7 0 0 0 0 0 1 0 0 0 0
23 21 4 7 1 0 0 0 5 3 0 4 3 0 0 0 0 0 0 0
14 4 5 8 1 0 3 0 0 0 0 0 0 0 1 0 0 1 0 0
22 6 1 0 0 10 7 0 0 0 1 0 11 5 0 6 0 0 7 1
26 12 0 1 2 0 0 0 0 0 0 2 9 7 0 3 0 6 4 2
25 20 6 0 0 0 0 2 0 0 0 13 0 0 0 3 4 5 0 0
35 10 8 6 4 4 0 0 0 4 6 0 4 1 7 0 4 5 0 0
25 12 13 10 0 9 0 0 0 5 0 3 5 1 0 0 0 0 1 0
49 35 21 6 4 6 1 7 0 0 1 7 4 5 4 1 0 0 0 2
33 33 12 4 8 0 0 8 5 2 0 1 0 7 3 8 0 0 4 0
36 21 18 13 10 5 0 0 0 0 4 0 0 0 4 1 8 1 0 0
36 43 18 17 1 0 7 11 5 0 2 3 4 3 3 4 0 1 0 0
66 43 40 10 16 0 0 0 8 8 3 0 0 0 0 2 9 0 0 8
80 57 37 18 20 18 4 2 1 8 2 7 0 0 5 3 11 5 3 6
112 104 83 28 11 8 15 4 4 5 5 1 3 0 0 12 0 1 5 11
129 136 85 53 27 18 9 11 5 10 0 2 0 12 9 3 12 11 25 13
159 149 95 43 35 27 19 30 9 33 24 7 11 6 14 16 10 13 14 16
151 183 130 104 53 38 56 70 40 33 21 12 16 19 8 34 21 33 20 29
32 20 11 0 0 5 2 0 10 0 8 0 2 3 0 9 0 0 0 0
17 23 12 3 0 0 5 0 7 0 0 3 0 0 0 1 0 0 0 0
21 11 0 7 4 2 1 0 2 0 0 0 1 5 0 5 4 8 0 0
16 9 8 4 0 0 0 4 2 2 0 8 5 0 1 0 0 0 3 2
12 10 10 6 5 0 0 2 0 1 0 1 5 10 0 7 0 0 0 7
4 4 5 4 9 0 3 2 0 0 0 0 2 0 0 0 0 0 6 0
27 12 6 0 3 0 4 9 0 0 4 2 0 0 0 5 11 0 8 7
22 9 9 1 7 0 0 0 0 0 6 0 0 8 2 0 0 4 0 0
22 6 12 4 2 7 0 0 2 1 5 0 0 0 0 1 15 5 3 3
28 18 3 0 0 0 5 0 1 0 3 0 3 10 0 6 0 0 7 0
37 20 21 17 0 2 0 5 0 5 4 4 7 4 5 2 7 0 6 0
25 24 9 9 10 12 2 0 6 0 0 0 0 0 0 10 0 5 0 3
24 14 14 0 11 0 0 2 0 0 4 0 0 0 0 0 0 0 0 0
24 16 12 1 2 0 6 1 0 7 2 8 0 4 0 2 9 7 4 1
46 25 37 19 6 9 8 0 4 0 2 3 0 0 6 0 5 7 0 0
73 44 47 10 5 3 8 4 3 4 10 2 5 4 0 0 0 0 4 1
94 83 57 18 5 4 5 0 9 12 1 0 9 2 3 3 3 1 0 0
113 130 70 35 21 25 3 10 12 8 5 5 0 6 8 14 2 6 9 13
144 122 74 40 43 30 17 16 19 29 23 11 4 4 6 18 14 21 11 15
150 177 112 102 48 33 48 48 43 32 19 12 14 13 8 27 12 25 8 34
26 12 3 5 5 11 0 0 0 6 4 0 2 6 2 0 4 0 4 1
20 0 2 0 8 0 3 0 0 3 0 0 8 0 0 1 1 0 0 10
18 7 2 2 3 0 0 3 1 1 0 0 1 0 0 7 3 7 4 0
17 21 3 6 0 6 2 0 3 0 5 3 9 0 0 1 0 0 4 0
13 15 4 0 0 0 9 0 0 1 2 8 0 5 9 1 4 3 0 3
14 16 5 4 1 2 1 0 10 5 0 0 0 0 0 0 5 9 0 0
12 7 11 3 2 1 2 6 4 4 11 0 0 0 2 2 8 0 1 6
18 9 10 0 0 8 1 0 0 0 1 3 9 0 2 0 2 0 2 4
20 4 1 0 0 1 0 2 0 1 2 0 0 3 0 0 1 3 0 0
19 6 5 3 0 8 1 0 0 0 0 0 0 0 0 4 0 0 0 0
22 25 10 0 4 8 0 0 0 0 0 0 0 0 0 3 0 2 0 2
7 24 8 6 0 5 1 4 8 0 0 4 2 2 1 0 2 0 0 1
21 13 12 1 0 11 5 0 3 5 0 0 2 12 0 5 7 0 1 0
33 20 4 14 4 8 0 3 0 10 2 0 0 2 0 8 0 0 0 0
48 25 31 9 5 9 0 0 0 4 10 12 0 0 0 4 0 1 4 0
61 30 39 18 13 2 0 2 15 0 0 0 11 4 15 0 6 0 1 0
83 62 67 16 10 8 10 0 7 2 2 9 3 1 0 6 2 9 10 9
94 117 59 31 16 22 4 13 8 4 3 6 1 4 0 6 4 8 2 5
129 123 78 38 27 23 12 17 14 21 13 13 7 12 10 12 8 19 0 10
167 160 105 82 43 23 46 48 31 27 19 16 5 14 10 22 28 22 4 25
28 18 16 0 6 6 2 8 2 0 0 7 1 0 0 0 0 6 0 0
21 11 7 3 0 0 0 0 0 4 3 0 0 2 0 9 9 0 2 3
6 6 0 1 0 10 0 2 5 0 2 7 5 0 0 0 7 3 9 3
18 1 0 5 0 0 0 0 0 0 8 0 0 0 5 0 3 6 5 0
9 0 0 6 0 0 0 3 0 0 2 3 3 2 0 13 0 0 0 0
9 3 7 3 0 2 9 6 2 6 4 0 0 4 0 1 0 3 0 12
15 16 7 0 0 5 6 2 0 0 0 10 1 6 0 5 0 0 0 0
19 1 12 0 0 0 5 4 0 0 0 6 2 0 0 5 0 3 0 2
12 0 0 2 12 2 0 4 3 2 0 0 2 0 0 0 3 6 2 0
19 15 6 1 4 5 0 6 0 0 8 4 0 4 0 0 0 1 5 0
27 25 6 3 5 4 0 5 0 6 3 9 0 0 6 0 0 0 1 0
13 15 15 3 4 0 2 0 0 2 8 0 0 7 0 1 0 0 5 0
20 10 3 8 0 12 0 10 3 0 0 0 0 2 4 8 0 2 0 0
24 14 6 7 12 3 4 4 4 6 0 0 0 0 0 0 3 1 0 0
34 17 25 18 8 0 5 0 4 0 2 3 5 0 1 5 0 0 0 2
62 30 34 13 0 2 0 0 6 6 0 1 1 1 0 2 0 9 0 13
65 64 51 12 0 6 4 5 4 1 1 7 0 0 0 2 0 7 1 6
88 119 50 32 10 1 14 7 12 3 0 14 1 7 0 9 0 10 14 6
108 109 63 34 21 16 10 18 6 12 14 6 0 0 9 10 4 6 7 10
154 144 82 56 34 20 40 51 27 21 14 15 19 16 5 24 14 17 13 30
17 9 7 0 3 5 0 1 0 0 2 0 7 0 0 0 0 1 2 1
11 0 4 0 0 9 0 0 4 0 0 0 0 0 1 0 4 0 8 0
4 1 6 2 4 0 0 5 16 0 0 0 2 3 0 0 3 0 2 0
19 4 9 0 1 4 1 10 1 12 0 0 6 0 0 1 3 7 3 0
8 3 0 0 3 8 7 0 7 1 8 0 4 0 4 0 6 0 8 3
15 0 12 0 0 0 0 0 0 0 4 0 15 0 0 0 0 0 0 5
6 2 3 0 0 1 0 5 0 0 0 0 1 0 0 0 0 1 0 0
13 6 8 0 0 5 4 0 3 0 1 3 0 2 3 0 0 0 3 8
12 1 0 0 0 1 0 1 0 5 0 0 0 3 0 0 7 0 5 0
14 0 0 0 3 0 3 0 0 4 11 1 0 2 0 0 1 2 0 0
25 16 5 0 0 0 8 0 0 0 0 6 0 12 3 0 5 3 1 0
17 12 13 0 0 1 7 4 0 0 0 4 0 0 2 0 0 2 0 1
13 7 0 6 0 0 1 0 0 0 0 0 0 0 2 0 5 0 5 11
16 15 0 6 0 11 9 0 0 0 0 0 0 4 1 0 7 2 5 0
40 24 18 3 4 5 7 9 6 2 0 1 0 0 8 0 7 2 1 3
42 27 32 12 1 8 6 2 1 0 5 10 0 3 1 5 4 0 8 7
67 47 43 21 13 8 1 5 3 7 4 1 0 6 5 8 4 8 9 0
72 113 49 30 10 7 4 5 6 3 14 7 0 5 0 11 9 0 4 12
97 99 42 25 16 25 17 10 7 12 18 4 19 2 0 3 10 26 3 8
156 120 88 55 31 23 30 32 20 12 7 1 11 7 1 20 9 25 13 25
21 5 6 9 1 0 0 1 7 5 2 0 5 0 0 0 2 1 4 2
11 6 6 0 0 0 2 0 0 7 0 0 0 3 0 0 0 6 4 3
7 0 1 0 0 0 11 0 6 3 1 0 0 0 0 0 3 0 0 0
8 6 0 0 0 5 3 11 0 0 0 1 6 4 1 0 0 0 3 11
2 5 0 2 1 2 0 0 0 6 11 0 8 0 3 0 3 0 7 5
6 10 7 6 0 8 0 8 6 2 0 0 2 2 4 2 2 0 0 0
6 9 7 0 6 6 1 11 0 0 0 0 0 0 0 0 0 0 7 0
10 9 13 6 7 4 0 0 4 0 3 10 0 0 1 3 4 0 0 0
9 3 12 11 0 0 0 0 0 0 5 0 8 0 6 0 6 0 5 1
2 2 8 1 0 0 11 1 0 0 0 4 0 2 6 0 0 0 2 0
19 10 10 0 9 1 6 4 0 2 0 6 0 0 0 0 5 6 0 3
15 10 9 3 1 5 0 3 7 4 0 0 9 0 0 0 0 11 0 0
18 13 2 0 6 1 6 3 0 5 0 6 0 0 0 5 0 6 0 0
18 15 2 9 0 0 2 5 4 6 2 8 6 0 0 0 0 0 0 3
30 8 18 5 2 0 2 0 0 0 1 0 0 0 7 0 8 12 0 0
32 25 24 8 6 16 5 3 7 0 3 0 2 12 4 1 7 3 0 0
44 38 37 13 6 7 2 0 2 13 0 0 0 0 11 9 3 9 0 0
63 98 30 21 4 5 6 7 0 10 4 2 0 7 3 4 0 0 6 2
74 84 40 16 28 13 13 10 9 8 3 5 6 4 9 5 3 16 12 4
136 111 63 40 20 9 33 19 23 18 9 7 6 13 10 15 21 12 10 17
9 2 7 4 0 8 8 13 1 7 0 0 0 0 0 1 3 1 5 5
10 9 3 8 0 0 0 0 0 3 0 1 0 0 0 0 3 0 6 0
2 3 1 0 3 1 4 10 0 0 0 0 3 2 2 0 1 0 5 0
3 3 1 3 0 3 5 3 0 0 0 0 0 0 0 0 0 8 0 3
15 8 0 5 0 0 0 2 7 0 4 2 1 0 0 0 0 4 0 5
11 0 0 0 2 1 0 0 6 1 0 0 0 0 2 1 2 3 2 0
8 8 0 0 0 0 7 0 0 0 0 0 0 3 2 1 0 6 3 0
8 0 4 2 3 1 0 4 0 3 1 0 0 0 1 6 0 4 0 0
4 3 6 3 0 1 5 0 0 1 0 0 0 6 3 3 0 4 8 0
8 2 3 3 4 0 0 8 1 4 3 0 20 2 1 3 0 0 3 1
18 16 7 2 0 6 0 0 0 2 0 1 2 4 0 2 2 0 0 9
16 8 6 5 0 0 0 1 0 3 6 0 0 0 9 3 0 7 0 1
12 2 6 5 4 2 0 0 0 2 0 5 6 5 0 5 2 0 5 0
23 20 8 0 0 6 0 4 0 3 0 0 4 1 10 0 3 7 0 0
22 14 20 6 8 1 3 4 9 0 2 0 0 0 4 0 5 0 0 2
34 19 16 9 3 9 0 1 0 0 1 2 3 0 0 0 0 0 0 6
49 29 27 8 7 1 0 0 1 8 3 0 0 3 1 4 0 0 0 4
51 83 32 22 4 2 6 6 0 5 2 5 0 4 0 14 0 3 6 4
69 81 38 26 20 9 13 12 14 13 14 0 7 2 4 7 5 11 2 7
117 100 52 42 26 10 21 26 13 12 14 8 3 0 5 14 0 12 2 15
16 1 11 6 8 5 1 0 0 0 3 8 7 0 2 0 3 0 0 6
14 9 0 8 0 3 0 2 0 0 0 2 1 6 4 6 1 0 0 0
5 8 5 5 3 0 1 0 0 0 0 3 1 3 0 2 0 0 0 0
11 9 3 3 4 7 0 1 0 5 0 8 3 0 1 0 3 0 3 6
0 4 0 3 6 5 12 0 0 0 0 0 0 0 0 4 0 3 0 7
2 1 2 2 9 0 1 0 1 8 0 0 0 0 0 0 0 3 0 1
1 4 1 9 9 2 0 0 0 0 2 6 0 1 0 0 0 0 3 0
2 11 2 0 0 0 3 6 0 0 0 1 5 4 13 3 0 0 0 0
11 2 4 0 4 0 8 4 0 1 5 5 3 4 2 5 0 3 1 1
0 0 0 0 8 0 0 1 0 0 4 0 0 7 0 0 0 0 0 2
5 11 0 0 0 0 4 2 3 7 0 0 3 8 10 0 5 0 2 0
1 13 7 0 0 0 0 7 5 0 0 2 2 3 0 3 6 0 5 4
11 5 7 1 5 0 2 0 7 0 0 6 0 0 0 4 6 0 0 3
13 7 11 4 5 7 0 0 1 0 4 0 4 0 4 3 0 0 0 0
18 8 9 3 3 0 8 9 1 0 2 6 0 6 6 0 5 0 3 1
37 20 17 0 3 12 11 1 2 1 9 0 0 0 0 3 0 4 3 9
41 38 23 3 10 5 0 2 5 3 0 11 0 11 0 3 0 0 1 2
42 65 9 13 0 9 7 9 5 0 0 0 0 8 0 0 5 0 0 3
51 87 29 11 15 10 12 5 12 9 7 9 11 0 10 3 4 10 0 0
104 85 47 45 10 11 22 24 15 16 4 2 7 8 2 3 9 7 0 13
10 6 8 0 9 7 0 0 4 0 0 0 0 6 0 1 0 2 1 11
5 4 7 8 4 0 0 0 0 6 5 3 0 7 4 0 0 3 6 5
0 5 0 0 4 0 0 1 2 0 0 0 0 7 0 4 0 9 2 8
3 2 7 0 0 0 0 0 0 1 6 0 3 0 4 0 2 0 6 0
0 1 0 0 6 7 3 4 5 0 3 0 5 0 5 0 0 2 5 3
0 1 5 6 0 7 0 0 0 3 0 8 0 0 0 0 2 0 5 11
0 10 2 0 0 0 1 0 1 1 0 2 3 0 10 4 4 3 0 9
2 12 6 6 0 0 0 0 2 0 0 5 0 7 0 0 5 1 3 0
15 0 0 0 1 0 0 3 0 0 0 4 0 0 0 0 0 6 0 4
6 1 0 1 0 3 5 2 0 0 1 0 0 0 1 0 0 0 0 0
3 9 0 2 0 1 0 2 2 13 3 0 6 8 3 0 0 0 9 0
16 1 0 0 5 0 0 0 6 0 0 0 0 0 4 0 0 0 9 0
7 1 5 0 0 0 0 6 0 0 3 0 4 1 0 2 0 0 0 0
8 11 3 2 0 7 1 1 4 0 10 0 2 0 0 0 6 3 4 0
17 6 5 13 9 0 1 0 8 1 0 3 8 0 3 0 0 1 8 1
20 10 14 0 0 2 2 10 0 0 1 9 0 2 4 2 2 0 0 0
34 27 21 6 4 6 3 1 12 3 0 4 0 6 11 0 0 0 0 3
41 52 25 9 18 12 0 1 0 9 11 0 5 5 0 0 0 0 3 13
54 62 31 12 11 12 10 13 8 4 3 7 0 0 6 9 7 6 0 7
96 67 41 26 15 5 17 19 10 20 13 3 8 0 0 8 6 10 2 6
12 12 7 0 4 2 0 7 0 1 0 6 4 3 1 7 5 3 3 8
0 5 6 0 0 0 1 0 0 0 0 0 0 0 0 5 0 5 1 3
7 0 0 9 0 0 0 0 10 1 0 2 3 0 10 0 4 2 4 0
5 0 0 7 3 8 0 3 0 5 9 0 4 1 0 0 0 0 0 5
4 3 0 9 2 0 6 6 1 5 0 3 0 0 0 0 6 0 0 7
0 0 7 0 0 4 1 4 4 8 5 0 8 0 0 0 0 12 0 2
0 0 5 0 2 0 9 0 0 2 0 0 0 0 1 1 0 9 0 0
10 5 0 0 0 0 1 0 4 3 0 7 5 0 0 0 0 0 0 3
3 0 8 0 5 0 0 0 7 0 4 2 0 0 0 0 0 0 0 19
0 0 0 0 4 0 0 0 8 0 7 0 2 7 1 5 0 0 11 5
13 3 0 0 0 0 0 7 0 0 3 0 0 2 5 3 0 0 10 0
11 9 9 0 7 2 5 2 4 0 0 0 0 7 0 10 6 0 0 9
19 12 1 0 4 0 0 4 0 0 0 0 6 4 0 0 0 0 0 8
9 10 0 1 0 3 6 0 0 0 3 0 3 0 0 0 0 14 1 3
14 15 17 4 0 3 8 0 0 0 0 0 1 6 0 8 0 5 0 0
24 13 9 8 3 4 0 0 0 2 0 0 0 5 2 2 0 0 0 0
29 25 18 12 3 0 4 3 0 2 9 2 14 7 2 0 8 6 1 8
32 52 16 21 18 3 8 14 10 0 2 0 0 3 0 2 10 4 0 0
48 52 26 10 12 1 10 11 8 11 5 8 0 3 4 2 9 2 0 1
82 63 37 27 6 7 15 22 13 6 5 0 6 7 6 9 1 7 0 7
9 3 5 5 0 0 9 1 0 0 1 5 1 0 4 0 8 0 2 2
0 0 0 0 5 0 1 3 0 1 0 0 0 0 0 13 5 0 1 0
2 0 5 12 3 5 2 2 0 2 6 0 9 3 1 6 0 0 1 1
0 0 0 5 10 2 0 1 3 3 7 0 0 0 5 3 2 5 2 6
6 0 0 7 3 0 2 5 2 0 0 0 7 3 0 0 0 0 3 0
12 0 6 2 2 4 1 6 1 0 0 4 5 0 12 0 1 5 0 0
7 0 9 0 0 1 1 0 0 0 0 0 2 0 6 0 0 1 0 9
8 8 5 0 0 0 0 0 1 1 0 10 0 9 0 5 1 4 0 8
5 8 0 10 3 0 0 4 6 1 0 0 2 8 9 0 5 0 0 0
8 1 8 0 2 0 0 2 0 0 3 3 0 0 1 6 0 1 1 4
3 14 2 0 8 2 0 4 2 0 0 0 0 0 0 0 2 0 0 0
8 0 0 9 5 1 0 7 1 13 6 0 5 0 0 3 5 3 2 0
0 1 0 0 0 4 5 0 0 0 0 0 0 0 0 6 3 4 0 1
10 18 0 5 0 0 0 1 4 0 0 1 2 0 11 0 0 4 6 4
13 4 11 0 0 0 0 3 8 4 3 0 0 0 0 0 0 4 0 0
14 8 8 13 0 3 5 5 4 4 4 0 0 0 0 3 0 2 0 1
18 9 12 0 9 2 0 0 0 4 0 1 1 5 4 0 1 0 2 3
26 41 10 11 0 8 4 0 10 0 0 0 0 0 0 0 0 8 7 10
43 42 18 0 8 0 4 8 0 7 2 0 12 5 0 4 9 2 0 3
74 49 28 25 16 1 13 13 0 7 5 0 1 0 11 4 6 0 6 7
2 4 2 0 5 0 0 2 0 2 4 9 2 0 0 0 4 6 6 8
5 5 0 7 0 0 9 0 0 3 2 0 7 0 4 2 0 0 0 0
3 3 8 5 1 4 4 0 7 0 0 5 0 0 0 3 3 0 3 0
0 0 2 3 5 6 2 3 3 2 0 3 3 10 3 0 0 4 9 0
0 4 2 1 0 10 4 0 3 0 3 4 2 0 5 0 2 5 3 0
3 5 0 0 4 0 0 3 0 0 7 0 0 1 4 0 4 0 5 0
0 1 14 2 0 10 1 2 3 4 2 0 1 0 0 2 0 2 0 0
0 7 8 0 0 0 7 4 0 6 1 1 11 1 0 4 0 11 0 1
0 0 1 0 0 3 8 6 5 6 0 0 9 0 0 4 0 5 0 2
1 10 7 9 0 2 0 0 0 3 2 0 3 2 0 0 0 4 0 0
6 4 2 5 3 5 0 1 6 0 4 0 0 0 4 0 3 0 0 3
1 6 0 0 0 0 0 3 6 0 1 0 7 3 2 0 0 4 1 0
13 2 2 6 1 0 6 4 5 0 4 3 2 3 0 8 2 1 0 0
5 0 2 2 0 0 0 0 0 1 0 0 7 0 0 0 4 0 1 8
0 8 3 0 4 0 0 0 4 0 0 1 0 3 0 3 0 8 0 0
18 5 12 9 2 0 1 5 0 0 3 2 0 3 0 0 0 0 8 9
26 18 17 5 6 6 0 5 0 0 0 11 1 0 0 0 0 0 2 8
26 35 18 0 5 11 0 0 3 0 6 0 0 0 8 2 0 3 5 0
29 32 10 11 5 9 5 3 4 0 8 0 0 2 12 0 0 0 0 8
61 37 27 21 11 13 15 1 5 4 14 4 7 5 0 0 0 2 1 0
