0 0 0 0 0 0 0 0 0 0 0 0 0 0 0 0 0 0 0 0
0 0 0 0 0 0 0 0 0 0 0 0 0 0 0 0 0 0 0 0
0 0 0 0 0 0 0 0 0 0 0 0 0 0 0 0 0 0 0 0
0 0 0 0 0 0 0 0 0 0 0 0 0 0 0 0 0 0 0 0
0 0 0 0 0 0 0 0 0 0 0 0 0 0 0 0 0 0 0 0
0 0 0 0 0 0 0 0 0 0 0 0 0 0 2 0 0 0 0 0
0 0 0 0 0 0 0 0 0 0 0 0 0 0 0 0 0 0 0 0
0 0 0 0 0 0 0 0 0 0 0 0 0 0 0 0 0 0 0 0
0 0 0 0 0 0 0 0 0 0 0 0 0 0 0 0 0 0 0 0
0 0 0 0 0 0 0 0 0 0 0 0 0 0 0 0 0 0 0 0
0 0 0 0 0 0 0 0 0 0 0 0 0 0 0 0 0 0 0 0
0 0 0 0 0 0 0 0 0 0 0 0 0 0 0 0 0 0 0 0
0 0 0 0 0 0 0 0 0 0 0 0 0 0 0 0 0 0 0 0
0 0 0 0 0 0 0 0 0 0 0 0 0 0 0 0 0 0 0 0
0 0 0 0 0 0 0 0 0 0 0 0 0 0 0 0 0 0 0 0
0 0 0 0 0 0 0 0 0 0 0 0 0 0 0 0 0 0 0 0
0 0 0 0 0 0 0 0 0 0 0 0 0 0 0 0 0 0 0 0
0 0 0 0 0 0 0 0 0 0 0 0 0 0 0 0 0 0 0 0
0 0 0 0 0 0 0 0 0 0 0 0 0 0 0 0 0 0 0 0
0 0 0 0 0 0 0 0 0 0 0 0 0 0 0 0 0 0 0 0
0 0 0 0 0 0 0 0 0 0 0 0 0 0 0 0 0 0 0 0
0 0 0 0 0 0 0 0 0 0 0 0 0 0 0 0 0 0 0 0
0 0 0 0 0 0 0 0 0 0 0 0 0 0 0 0 0 0 0 0
0 0 0 0 0 0 0 0 0 0 0 0 0 0 0 0 0 0 0 0
0 0 0 0 0 0 0 0 0 0 0 0 0 0 0 0 0 0 0 0
0 0 0 0 0 0 0 0 0 0 0 0 0 0 2 0 0 0 0 0
0 0 0 0 0 0 0 0 0 0 0 0 0 0 0 0 0 0 0 0
0 0 0 0 0 0 0 0 0 0 0 0 0 0 0 0 0 0 0 0
0 0 0 0 0 0 0 0 0 0 0 0 0 0 0 0 0 0 0 0
0 0 0 0 0 0 0 0 0 0 0 0 0 0 0 0 0 0 0 0
0 0 0 0 0 0 0 0 0 0 0 0 0 0 0 0 0 0 0 0
0 0 0 0 0 0 0 0 0 0 0 0 0 0 0 0 0 0 0 0
0 0 0 0 0 0 0 0 0 0 0 0 0 0 0 0 0 0 0 0
0 0 0 0 0 0 0 0 0 0 0 0 0 0 0 0 0 0 0 0
0 0 0 0 0 0 0 0 0 0 0 0 0 0 0 0 0 0 0 0
0 0 0 0 0 0 0 0 0 0 0 0 0 0 0 0 0 0 0 0
0 0 0 0 0 0 0 0 0 0 0 0 0 0 0 0 0 0 0 0
0 0 0 0 0 0 0 0 0 0 0 0 0 0 0 0 0 0 0 0
0 0 0 0 0 0 0 0 0 0 0 0 0 0 0 0 0 0 0 0
0 0 0 0 0 0 0 0 0 0 0 0 0 0 0 0 0 0 0 0
0 0 0 0 0 0 0 0 0 0 0 0 0 0 0 0 0 0 0 0
0 0 0 0 0 0 0 0 0 0 0 0 0 0 0 0 0 0 0 0
0 0 0 0 0 0 0 0 0 0 0 0 0 0 0 0 0 0 0 0
0 0 0 0 0 0 0 0 0 0 0 0 0 0 0 0 0 0 0 0
0 0 0 0 0 0 0 0 0 0 0 0 0 0 0 0 0 0 0 0
0 0 0 0 0 0 0 0 0 0 0 0 0 0 2 0 0 0 0 0
0 0 0 0 0 0 0 0 0 0 0 0 0 0 0 0 0 0 0 0
0 0 0 0 0 0 0 0 0 0 0 0 0 0 0 0 0 0 0 0
0 0 0 0 0 0 0 0 0 0 0 0 0 0 0 0 0 0 0 0
0 0 0 0 0 0 0 0 0 0 0 0 0 0 0 0 0 0 0 0
0 0 0 0 0 0 0 0 0 0 0 0 0 0 0 0 0 0 0 0
0 0 0 0 0 0 0 0 0 0 0 0 0 0 0 0 0 0 0 0
0 0 0 0 0 0 0 0 0 0 0 0 0 0 0 0 0 0 0 0
0 0 0 0 0 0 0 0 0 0 0 0 0 0 0 0 0 0 0 0
0 0 0 0 0 0 0 0 0 0 0 0 0 0 0 0 0 0 0 0
0 0 0 0 0 0 0 0 0 0 0 0 0 0 0 0 0 0 0 0
0 0 0 0 0 0 0 0 0 0 0 0 0 0 0 0 0 0 0 0
0 0 0 0 0 0 0 0 0 0 0 0 0 0 0 0 0 0 0 0
0 0 0 0 0 0 0 0 0 0 0 0 0 0 0 0 0 0 0 0
0 0 0 0 0 0 0 0 0 0 0 0 0 0 0 0 0 0 0 0
0 0 0 0 0 0 0 0 0 0 0 0 0 0 0 0 0 0 0 0
0 0 0 0 0 0 0 0 0 0 0 0 0 0 0 0 0 0 0 0
0 0 0 0 0 0 0 0 0 0 0 0 0 0 0 0 0 0 0 0
0 0 0 0 0 0 0 0 0 0 0 0 0 0 0 0 0 0 0 0
0 0 0 0 0 0 0 0 0 0 0 0 0 0 0 0 0 0 0 0
0 0 0 0 0 0 0 0 0 0 0 0 0 0 4 0 0 0 0 0
0 0 0 0 0 0 0 0 0 0 0 0 0 0 0 0 0 0 0 0
0 0 0 0 0 0 0 0 0 0 0 0 0 0 0 0 0 0 0 0
0 0 0 0 0 0 0 0 0 0 0 0 0 0 0 0 0 0 0 0
0 0 0 0 0 0 0 0 0 0 0 0 0 0 0 0 0 0 0 0
0 0 0 0 0 0 0 0 0 0 0 0 0 0 0 0 0 0 0 0
0 0 0 0 0 0 0 0 0 0 0 0 0 0 0 0 0 0 0 0
0 0 0 0 0 0 0 0 0 0 0 0 0 0 0 0 0 0 0 0
0 0 0 0 0 0 0 0 0 0 0 0 0 0 0 0 0 0 0 0
0 0 0 0 0 0 0 0 0 0 0 0 0 0 0 0 0 0 0 0
0 0 0 0 0 0 0 0 0 0 0 0 0 0 0 0 0 0 0 0
0 0 0 0 0 0 0 0 0 0 0 0 0 0 0 0 0 0 0 0
0 0 0 0 0 0 0 0 0 0 0 0 0 0 0 0 0 0 0 0
0 0 0 0 0 0 0 0 0 0 0 0 0 0 0 0 0 0 0 0
0 0 0 0 0 0 0 0 0 0 0 0 0 0 0 0 0 0 0 0
0 0 0 0 0 0 0 0 0 0 0 0 0 0 0 0 0 0 0 0
0 0 0 0 0 0 0 0 0 0 0 0 0 0 0 0 0 0 0 0
0 0 0 0 0 0 0 0 0 0 0 0 0 0 0 0 0 0 0 0
0 0 0 0 0 0 0 0 0 0 0 0 0 0 0 0 0 0 0 0
0 0 0 0 0 0 0 0 0 0 0 0 0 0 0 0 0 0 0 0
0 0 0 0 0 0 0 0 0 0 0 0 0 0 6 0 0 0 0 0
0 0 0 0 0 0 0 0 0 0 0 0 0 0 0 0 0 0 0 0
0 0 0 0 0 0 0 0 0 0 0 0 0 0 0 0 0 0 0 0
0 0 0 0 0 0 0 0 0 0 0 0 0 0 0 0 0 0 0 0
0 0 0 0 0 0 0 0 0 0 0 0 0 0 0 0 0 0 0 0
0 0 0 0 0 0 0 0 0 0 0 0 0 0 0 0 0 0 0 0
0 0 0 0 0 0 0 0 0 0 0 0 0 0 0 0 0 0 0 0
0 0 0 0 0 0 0 0 0 0 0 0 0 0 0 0 0 0 0 0
0 0 0 0 0 0 0 0 0 0 0 0 0 0 0 0 0 0 0 0
0 0 0 0 0 0 0 0 0 0 0 0 0 0 0 0 0 0 0 0
0 0 0 0 0 0 0 0 0 0 0 0 0 0 0 0 0 0 0 0
0 0 0 0 0 0 0 0 0 0 0 0 0 0 0 0 0 0 0 0
0 0 0 0 0 0 0 0 0 0 0 0 0 0 0 0 0 0 0 0
0 0 0 0 0 0 0 0 0 0 0 0 0 0 0 0 0 0 0 0
0 0 0 0 0 0 0 0 0 0 0 0 0 0 0 0 0 0 0 0
0 0 0 0 0 0 0 0 0 0 0 0 0 0 0 0 0 0 0 0
0 0 0 0 0 0 0 0 0 0 0 0 0 0 0 0 0 0 0 0
0 0 0 0 0 0 0 0 0 0 0 0 0 0 0 0 0 0 0 0
0 0 0 0 0 0 0 0 0 0 0 0 0 0 0 0 0 0 0 0
0 0 0 0 0 0 0 0 0 0 0 0 0 0 0 0 0 0 0 0
0 0 0 0 0 0 0 0 0 0 0 0 0 1 8 0 0 0 0 0
0 0 0 0 0 0 0 0 0 0 0 0 0 0 0 0 0 0 0 0
0 0 0 0 0 0 0 0 0 0 0 0 0 0 0 0 0 0 0 0
0 0 0 0 0 0 0 0 0 0 0 0 0 0 0 0 0 0 0 0
0 0 0 0 0 0 0 0 0 0 0 0 0 0 0 0 0 0 0 0
0 0 0 0 0 0 0 0 0 0 0 0 0 0 0 0 0 0 0 0
0 0 0 0 0 0 0 0 0 0 0 0 0 0 0 0 0 0 0 0
0 0 0 0 0 0 0 0 0 0 0 0 0 0 0 0 0 0 0 0
0 0 0 0 0 0 0 0 0 0 0 0 0 0 0 0 0 0 0 0
0 0 0 0 0 0 0 0 0 0 0 0 0 0 0 0 0 0 0 0
0 0 0 0 0 0 0 0 0 0 0 0 0 0 0 0 0 0 0 0
0 0 0 0 0 0 0 0 0 0 0 0 0 0 0 0 0 0 0 0
0 0 0 0 0 0 0 0 0 0 0 0 0 0 0 0 0 0 0 0
0 0 0 0 0 0 0 0 0 0 0 0 0 0 0 0 0 0 0 0
0 0 0 0 0 0 0 0 0 0 0 0 0 0 0 0 0 0 0 0
0 0 0 0 0 0 0 0 0 0 0 0 0 0 0 0 0 0 0 0
0 0 0 0 0 0 0 0 0 0 0 0 0 0 0 0 0 0 0 0
0 0 0 0 0 0 0 0 0 0 0 0 0 0 0 0 0 0 0 0
0 0 0 0 0 0 0 0 0 0 0 0 0 0 0 0 0 0 0 0
0 0 0 0 0 0 0 0 0 0 0 0 0 1 1 1 0 0 0 0
0 0 0 0 0 0 0 0 0 0 0 0 0 1 9 1 0 0 0 0
0 0 0 0 0 0 0 0 0 0 0 0 0 0 0 1 0 0 0 0
0 0 0 0 0 0 0 0 0 0 0 0 0 0 0 0 0 0 0 0
0 0 0 0 0 0 0 0 0 0 0 0 0 0 0 0 0 0 0 0
0 0 0 0 0 0 0 0 0 0 0 0 0 0 0 0 0 0 0 0
0 0 0 0 0 0 0 0 0 0 0 0 0 0 0 0 0 0 0 0
0 0 0 0 0 0 0 0 0 0 0 0 0 0 0 0 0 0 0 0
0 0 0 0 0 0 0 0 0 0 0 0 0 0 0 0 0 0 0 0
0 0 0 0 0 0 0 0 0 0 0 0 0 0 0 0 0 0 0 0
0 0 0 0 0 0 0 0 0 0 0 0 0 0 0 0 0 0 0 0
0 0 0 0 0 0 0 0 0 0 0 0 0 0 0 0 0 0 0 0
0 0 0 0 0 0 0 0 0 0 0 0 0 0 0 0 0 0 0 0
0 0 0 0 0 0 0 0 0 0 0 0 0 0 0 0 0 0 0 0
0 0 0 0 0 0 0 0 0 0 0 0 0 0 0 0 0 0 0 0
0 0 0 0 0 0 0 0 0 0 0 0 0 0 0 0 0 0 0 0
0 0 0 0 0 0 0 0 0 0 0 0 0 0 0 0 0 0 0 0
0 0 0 0 0 0 0 0 0 0 0 0 0 0 0 0 0 0 0 0
0 0 0 0 0 0 0 0 0 0 0 0 0 0 0 0 0 0 0 0
0 0 0 0 0 0 0 0 0 0 0 0 0 0 0 0 0 0 0 0
0 0 0 0 0 0 0 0 0 0 0 0 0 1 1 2 0 0 0 0
0 0 0 0 0 0 0 0 0 0 0 0 0 1 9 1 0 0 0 0
0 0 0 0 0 0 0 0 0 0 0 0 0 1 1 2 0 0 0 0
0 0 0 0 0 0 0 0 0 0 0 0 0 0 0 0 0 0 0 0
0 0 0 0 0 0 0 0 0 0 0 0 0 0 0 0 0 0 0 0
0 0 0 0 0 0 0 0 0 0 0 0 0 0 0 0 0 0 0 0
0 0 0 0 0 0 0 0 0 0 0 0 0 0 0 0 0 0 0 0
0 0 0 0 0 0 0 0 0 0 0 0 0 0 0 0 0 0 0 0
0 0 0 0 0 0 0 0 0 0 0 0 0 0 0 0 0 0 0 0
0 0 0 0 0 0 0 0 0 0 0 0 0 0 0 0 0 0 0 0
0 0 0 0 0 0 0 0 0 0 0 0 0 0 0 0 0 0 0 0
0 0 0 0 0 0 0 0 0 0 0 0 0 0 0 0 0 0 0 0
0 0 0 0 0 0 0 0 0 0 0 0 0 0 0 0 0 0 0 0
0 0 0 0 0 0 0 0 0 0 0 0 0 0 0 0 0 0 0 0
0 0 0 0 0 0 0 0 0 0 0 0 0 0 0 0 0 0 0 0
0 0 0 0 0 0 0 0 0 0 0 0 0 0 0 0 0 0 0 0
0 0 0 0 0 0 0 0 0 0 0 0 0 0 0 0 0 0 0 0
0 0 0 0 0 0 0 0 0 0 0 0 0 0 0 0 0 0 0 0
0 0 0 0 0 0 0 0 0 0 0 0 0 0 0 0 0 0 0 0
0 0 0 0 0 0 0 0 0 0 0 0 0 0 0 0 0 0 0 0
0 0 0 0 0 0 0 0 0 0 0 0 0 2 3 2 0 0 0 0
0 0 0 0 0 0 0 0 0 0 0 0 0 3 11 1 0 0 0 0
0 0 0 0 0 0 0 0 0 0 0 0 0 2 1 3 0 0 0 0
0 0 0 0 0 0 0 0 0 0 0 0 0 0 0 0 0 0 0 0
0 0 0 0 0 0 0 0 0 0 0 0 0 0 0 0 0 0 0 0
0 0 0 0 0 0 0 0 0 0 0 0 0 0 0 0 0 0 0 0
0 0 0 0 0 0 0 0 0 0 0 0 0 0 0 0 0 0 0 0
0 0 0 0 0 0 0 0 0 0 0 0 0 0 0 0 0 0 0 0
0 0 0 0 0 0 0 0 0 0 0 0 0 0 0 0 0 0 0 0
0 0 0 0 0 0 0 0 0 0 0 0 0 0 0 0 0 0 0 0
0 0 0 0 0 0 0 0 0 0 0 0 0 0 0 0 0 0 0 0
0 0 0 0 0 0 0 0 0 0 0 0 0 0 0 0 0 0 0 0
0 0 0 0 0 0 0 0 0 0 0 0 0 0 0 0 0 0 0 0
0 0 0 0 0 0 0 0 0 0 0 0 0 0 0 0 0 0 0 0
0 0 0 0 0 0 0 0 0 0 0 0 0 0 0 0 0 0 0 0
0 0 0 0 0 0 0 0 0 0 0 0 0 0 0 0 0 0 0 0
0 0 0 0 0 0 0 0 0 0 0 0 0 0 0 0 0 0 0 0
0 0 0 0 0 0 0 0 0 0 0 0 0 0 0 0 0 0 0 0
0 0 0 0 0 0 0 0 0 0 0 0 0 0 0 0 0 0 0 0
0 0 0 0 0 0 0 0 0 0 0 0 0 0 1 0 0 0 0 0
0 0 0 0 0 0 0 0 0 0 0 0 0 3 4 4 0 0 0 0
0 0 0 0 0 0 0 0 0 0 0 0 0 4 21 2 1 0 0 0
0 0 0 0 0 0 0 0 0 0 0 0 0 3 3 6 0 0 0 0
0 0 0 0 0 0 0 0 0 0 0 0 0 0 0 0 0 0 0 0
0 0 0 0 0 0 0 0 0 0 0 0 0 0 0 0 0 0 0 0
0 0 0 0 0 0 0 0 0 0 0 0 0 0 0 0 0 0 0 0
0 0 0 0 0 0 0 0 0 0 0 0 0 0 0 0 0 0 0 0
0 0 0 0 0 0 0 0 0 0 0 0 0 0 0 0 0 0 0 0
0 0 0 0 0 0 0 0 0 0 0 0 0 0 0 0 0 0 0 0
0 0 0 0 0 0 0 0 0 0 0 0 0 0 0 0 0 0 0 0
0 0 0 0 0 0 0 0 0 0 0 0 0 0 0 0 0 0 0 0
0 0 0 0 0 0 0 0 0 0 0 0 0 0 0 0 0 0 0 0
0 0 0 0 0 0 0 0 0 0 0 0 0 0 0 0 0 0 0 0
0 0 0 0 0 0 0 0 0 0 0 0 0 0 0 0 0 0 0 0
0 0 0 0 0 0 0 0 0 0 0 0 0 0 0 0 0 0 0 0
0 0 0 0 0 0 0 0 0 0 0 0 0 0 0 0 0 0 0 0
0 0 0 0 0 0 0 0 0 0 0 0 0 0 0 0 0 0 0 0
0 0 0 0 0 0 0 0 0 0 0 0 0 0 0 0 0 0 0 0
0 0 0 0 0 0 0 0 0 0 0 0 0 0 0 0 0 0 0 0
0 0 0 0 0 0 0 0 0 0 0 0 0 0 1 1 0 0 0 0
0 0 0 0 0 0 0 0 0 0 0 0 0 4 7 8 0 0 0 0
0 0 0 0 0 0 0 0 0 0 0 0 1 5 33 5 1 0 0 0
0 0 0 0 0 0 0 0 0 0 0 0 1 6 3 10 1 0 0 0
0 0 0 0 0 0 0 0 0 0 0 0 0 1 0 1 0 0 0 0
0 0 0 0 0 0 0 0 0 0 0 0 0 0 0 0 0 0 0 0
0 0 0 0 0 0 0 0 0 0 0 0 0 0 0 0 0 0 0 0
0 0 0 0 0 0 0 0 0 0 0 0 0 0 0 0 0 0 0 0
0 0 0 0 0 0 0 0 0 0 0 0 0 0 0 0 0 0 0 0
0 0 0 0 0 0 0 0 0 0 0 0 0 0 0 0 0 0 0 0
0 0 0 0 0 0 0 0 0 0 0 0 0 0 0 0 0 0 0 0
0 0 0 0 0 0 0 0 0 0 0 0 0 0 0 0 0 0 0 0
0 0 0 0 0 0 0 0 0 0 0 0 0 0 0 0 0 0 0 0
0 0 0 0 0 0 0 0 0 0 0 0 0 0 0 0 0 0 0 0
0 0 0 0 0 0 0 0 0 0 0 0 0 0 0 0 0 0 0 0
0 0 0 0 0 0 0 0 0 0 0 0 0 0 0 0 0 0 0 0
0 0 0 0 0 0 0 0 0 0 0 0 0 0 0 0 0 0 0 0
0 0 0 0 0 0 0 0 0 0 0 0 0 0 0 0 0 0 0 0
0 0 0 0 0 0 0 0 0 0 0 0 0 0 0 0 0 0 0 0
0 0 0 0 0 0 0 0 0 0 0 0 0 0 0 0 0 0 0 0
0 0 0 0 0 0 0 0 0 0 0 0 1 1 3 1 0 0 0 0
0 0 0 0 0 0 0 0 0 0 0 0 1 5 11 11 1 0 0 0
0 0 0 0 0 0 0 0 0 0 0 0 1 7 41 8 2 0 0 0
0 0 0 0 0 0 0 0 0 0 0 0 1 8 5 18 1 0 0 0
0 0 0 0 0 0 0 0 0 0 0 0 0 1 1 1 1 0 0 0
0 0 0 0 0 0 0 0 0 0 0 0 0 0 0 0 0 0 0 0
0 0 0 0 0 0 0 0 0 0 0 0 0 0 0 0 0 0 0 0
0 0 0 0 0 0 0 0 0 0 0 0 0 0 0 0 0 0 0 0
0 0 0 0 0 0 0 0 0 0 0 0 0 0 0 0 0 0 0 0
0 0 0 0 0 0 0 0 0 0 0 0 0 0 0 0 0 0 0 0
0 0 0 0 0 0 0 0 0 0 0 0 0 0 0 0 0 0 0 0
0 0 0 0 0 0 0 0 0 0 0 0 0 0 0 0 0 0 0 0
0 0 0 0 0 0 0 0 0 0 0 0 0 0 0 0 0 0 0 0
0 0 0 0 0 0 0 0 0 0 0 0 0 0 0 0 0 0 0 0
0 0 0 0 0 0 0 0 0 0 0 0 0 0 0 0 0 0 0 0
0 0 0 0 0 0 0 0 0 0 0 0 0 0 0 0 0 0 0 0
0 0 0 0 0 0 0 0 0 0 0 0 0 0 0 0 0 0 0 0
0 0 0 0 0 0 0 0 0 0 0 0 0 0 0 0 0 0 0 0
0 0 0 0 0 0 0 0 0 0 0 0 0 0 0 0 0 0 0 0
0 0 0 0 0 0 0 0 0 0 0 0 0 0 0 0 0 0 0 0
0 0 0 0 0 0 0 0 0 0 0 0 1 1 4 1 0 0 0 0
0 0 0 0 0 0 0 0 0 0 0 0 1 9 17 12 2 0 0 0
0 0 0 0 0 0 0 0 0 0 0 0 2 8 70 11 3 0 0 0
0 0 0 0 0 0 0 0 0 0 0 0 1 14 9 22 2 0 0 0
0 0 0 0 0 0 0 0 0 0 0 0 0 1 2 3 1 0 0 0
0 0 0 0 0 0 0 0 0 0 0 0 0 0 0 0 0 0 0 0
0 0 0 0 0 0 0 0 0 0 0 0 0 0 0 0 0 0 0 0
0 0 0 0 0 0 0 0 0 0 0 0 0 0 0 0 0 0 0 0
0 0 0 0 0 0 0 0 0 0 0 0 0 0 0 0 0 0 0 0
0 0 0 0 0 0 0 0 0 0 0 0 0 0 0 0 0 0 0 0
0 0 0 0 0 0 0 0 0 0 0 0 0 0 0 0 0 0 0 0
0 0 0 0 0 0 0 0 0 0 0 0 0 0 0 0 0 0 0 0
0 0 0 0 0 0 0 0 0 0 0 0 0 0 0 0 0 0 0 0
0 0 0 0 0 0 0 0 0 0 0 0 0 0 0 0 0 0 0 0
0 0 0 0 0 0 0 0 0 0 0 0 0 0 0 0 0 0 0 0
0 0 0 0 0 0 0 0 0 0 0 0 0 0 0 0 0 0 0 0
0 0 0 0 0 0 0 0 0 0 0 0 0 0 0 0 0 0 0 0
0 0 0 0 0 0 0 0 0 0 0 0 0 0 0 0 0 0 0 0
0 0 0 0 0 0 0 0 0 0 0 0 0 0 0 0 0 0 0 0
0 0 0 0 0 0 0 0 0 0 0 0 0 0 0 0 0 0 0 0
0 0 0 0 0 0 0 0 0 0 0 0 2 2 9 4 0 0 0 0
0 0 0 0 0 0 0 0 0 0 0 0 3 13 27 16 4 0 0 0
0 0 0 0 0 0 0 0 0 0 0 0 3 9 95 16 6 1 0 0
0 0 0 0 0 0 0 0 0 0 0 0 2 25 12 30 5 0 0 0
0 0 0 0 0 0 0 0 0 0 0 0 1 2 4 3 2 0 0 0
0 0 0 0 0 0 0 0 0 0 0 0 0 0 0 0 0 0 0 0
0 0 0 0 0 0 0 0 0 0 0 0 0 0 0 0 0 0 0 0
0 0 0 0 0 0 0 0 0 0 0 0 0 0 0 0 0 0 0 0
0 0 0 0 0 0 0 0 0 0 0 0 0 0 0 0 0 0 0 0
0 0 0 0 0 0 0 0 0 0 0 0 0 0 0 0 0 0 0 0
0 0 0 0 0 0 0 0 0 0 0 0 0 0 0 0 0 0 0 0
0 0 0 0 0 0 0 0 0 0 0 0 0 0 0 0 0 0 0 0
0 0 0 0 0 0 0 0 0 0 0 0 0 0 0 0 0 0 0 0
0 0 0 0 0 0 0 0 0 0 0 0 0 0 0 0 0 0 0 0
0 0 0 0 0 0 0 0 0 0 0 0 0 0 0 0 0 0 0 0
0 0 0 0 0 0 0 0 0 0 0 0 0 0 0 0 0 0 0 0
0 0 0 0 0 0 0 0 0 0 0 0 0 0 0 0 0 0 0 0
0 0 0 0 0 0 0 0 0 0 0 0 0 0 0 0 0 0 0 0
0 0 0 0 0 0 0 0 0 0 0 0 0 0 0 0 0 0 0 0
0 0 0 0 0 0 0 0 0 0 0 0 0 1 1 1 0 0 0 0
0 0 0 0 0 0 0 0 0 0 0 0 5 4 14 6 1 0 0 0
0 0 0 0 0 0 0 0 0 0 0 1 6 18 39 28 7 0 0 0
0 0 0 0 0 0 0 0 0 0 0 1 4 12 108 29 9 2 0 0
0 0 0 0 0 0 0 0 0 0 0 0 2 32 22 40 9 1 0 0
0 0 0 0 0 0 0 0 0 0 0 0 1 3 8 5 3 0 0 0
0 0 0 0 0 0 0 0 0 0 0 0 0 0 0 0 0 0 0 0
0 0 0 0 0 0 0 0 0 0 0 0 0 0 0 0 0 0 0 0
0 0 0 0 0 0 0 0 0 0 0 0 0 0 0 0 0 0 0 0
0 0 0 0 0 0 0 0 0 0 0 0 0 0 0 0 0 0 0 0
0 0 0 0 0 0 0 0 0 0 0 0 0 0 0 0 0 0 0 0
0 0 0 0 0 0 0 0 0 0 0 0 0 0 0 0 0 0 0 0
0 0 0 0 0 0 0 0 0 0 0 0 0 0 0 0 0 0 0 0
0 0 0 0 0 0 0 0 0 0 0 0 0 0 0 0 0 0 0 0
0 0 0 0 0 0 0 0 0 0 0 0 0 0 0 0 0 0 0 0
0 0 0 0 0 0 0 0 0 0 0 0 0 0 0 0 0 0 0 0
0 0 0 0 0 0 0 0 0 0 0 0 0 0 0 0 0 0 0 0
0 0 0 0 0 0 0 0 0 0 0 0 0 0 0 0 0 0 0 0
0 0 0 0 0 0 0 0 0 0 0 0 0 0 0 0 0 0 0 0
0 0 0 0 0 0 0 0 0 0 0 0 0 0 0 0 0 0 0 0
0 0 0 0 0 0 0 0 0 0 0 0 0 1 1 2 0 0 0 0
0 0 0 0 0 0 0 0 0 0 0 1 6 7 26 10 2 0 0 0
0 0 0 0 0 0 0 0 0 0 0 1 9 32 51 54 13 1 0 0
0 0 0 0 0 0 0 0 0 0 0 2 6 21 124 37 16 5 0 0
0 0 0 0 0 0 0 0 0 0 0 1 2 39 36 49 12 1 0 0
0 0 0 0 0 0 0 0 0 0 0 0 2 5 19 6 4 1 0 0
0 0 0 0 0 0 0 0 0 0 0 0 0 1 1 1 0 0 0 0
0 0 0 0 0 0 0 0 0 0 0 0 0 0 0 0 0 0 0 0
0 0 0 0 0 0 0 0 0 0 0 0 0 0 0 0 0 0 0 0
0 0 0 0 0 0 0 0 0 0 0 0 0 0 0 0 0 0 0 0
0 0 0 0 0 0 0 0 0 0 0 0 0 0 0 0 0 0 0 0
0 0 0 0 0 0 0 0 0 0 0 0 0 0 0 0 0 0 0 0
0 0 0 0 0 0 0 0 0 0 0 0 0 0 0 0 0 0 0 0
0 0 0 0 0 0 0 0 0 0 0 0 0 0 0 0 0 0 0 0
0 0 0 0 0 0 0 0 0 0 0 0 0 0 0 0 0 0 0 0
0 0 0 0 0 0 0 0 0 0 0 0 0 0 0 0 0 0 0 0
0 0 0 0 0 0 0 0 0 0 0 0 0 0 0 0 0 0 0 0
0 0 0 0 0 0 0 0 0 0 0 0 0 0 0 0 0 0 0 0
0 0 0 0 0 0 0 0 0 0 0 0 0 0 0 0 0 0 0 0
0 0 0 0 0 0 0 0 0 0 0 0 0 0 0 0 0 0 0 0
0 0 0 0 0 0 0 0 0 0 0 1 1 2 3 3 1 0 0 0
0 0 0 0 0 0 0 0 0 0 0 1 9 13 39 18 4 1 0 0
0 0 0 0 0 0 0 0 0 0 0 2 17 40 70 106 28 2 0 0
0 0 0 0 0 0 0 0 0 0 0 3 12 31 133 66 26 5 0 0
0 0 0 0 0 0 0 0 0 0 0 1 4 51 65 81 18 2 0 0
0 0 0 0 0 0 0 0 0 0 0 1 2 8 34 12 7 1 0 0
0 0 0 0 0 0 0 0 0 0 0 0 0 1 2 2 1 0 0 0
0 0 0 0 0 0 0 0 0 0 0 0 0 0 0 0 0 0 0 0
0 0 0 0 0 0 0 0 0 0 0 0 0 0 0 0 0 0 0 0
0 0 0 0 0 0 0 0 0 0 0 0 0 0 0 0 0 0 0 0
0 0 0 0 0 0 0 0 0 0 0 0 0 0 0 0 0 0 0 0
0 0 0 0 0 0 0 0 0 0 0 0 0 0 0 0 0 0 0 0
0 0 0 0 0 0 0 0 0 0 0 0 0 0 0 0 0 0 0 0
0 0 0 0 0 0 0 0 0 0 0 0 0 0 0 0 0 0 0 0
0 0 0 0 0 0 0 0 0 0 0 0 0 0 0 0 0 0 0 0
0 0 0 0 0 0 0 0 0 0 0 0 0 0 0 0 0 0 0 0
0 0 0 0 0 0 0 0 0 0 0 0 0 0 0 0 0 0 0 0
0 0 0 0 0 0 0 0 0 0 0 0 0 0 0 0 0 0 0 0
0 0 0 0 0 0 0 0 0 0 0 0 0 0 0 0 0 0 0 0
0 0 0 0 0 0 0 0 0 0 0 0 0 0 0 0 0 0 0 0
0 0 0 0 0 0 0 0 0 0 0 1 1 4 6 5 2 0 0 0
0 0 0 0 0 0 0 0 0 0 0 1 13 18 78 33 8 2 0 0
0 0 0 0 0 0 0 0 0 0 0 4 19 46 81 174 39 4 0 0
0 0 0 0 0 0 0 0 0 0 1 8 15 63 149 85 32 8 0 0
0 0 0 0 0 0 0 0 0 0 0 2 6 68 102 109 22 2 0 0
0 0 0 0 0 0 0 0 0 0 0 1 2 12 62 27 12 2 0 0
0 0 0 0 0 0 0 0 0 0 0 0 1 2 4 3 1 1 0 0
0 0 0 0 0 0 0 0 0 0 0 0 0 0 0 0 0 0 0 0
0 0 0 0 0 0 0 0 0 0 0 0 0 0 0 0 0 0 0 0
0 0 0 0 0 0 0 0 0 0 0 0 0 0 0 0 0 0 0 0
0 0 0 0 0 0 0 0 0 0 0 0 0 0 0 0 0 0 0 0
0 0 0 0 0 0 0 0 0 0 0 0 0 0 0 0 0 0 0 0
0 0 0 0 0 0 0 0 0 0 0 0 0 0 0 0 0 0 0 0
0 0 0 0 0 0 0 0 0 0 0 0 0 0 0 0 0 0 0 0
0 0 0 0 0 0 0 0 0 0 0 0 0 0 0 0 0 0 0 0
0 0 0 0 0 0 0 0 0 0 0 0 0 0 0 0 0 0 0 0
0 0 0 0 0 0 0 0 0 0 0 0 0 0 0 0 0 0 0 0
0 0 0 0 0 0 0 0 0 0 0 0 0 0 0 0 0 0 0 0
0 0 0 0 0 0 0 0 0 0 0 0 0 0 0 0 0 0 0 0
0 0 0 0 0 0 0 0 0 0 0 0 0 1 1 1 0 0 0 0
0 0 0 0 0 0 0 0 0 0 0 2 3 8 8 6 3 1 0 0
0 0 0 0 0 0 0 0 0 0 0 2 17 22 95 47 18 3 0 0
0 0 0 0 0 0 0 0 0 0 1 6 26 64 91 217 63 6 1 0
0 0 0 0 0 0 0 0 0 0 1 11 16 98 159 132 45 9 1 0
0 0 0 0 0 0 0 0 0 0 0 3 11 82 135 130 22 3 1 0
0 0 0 0 0 0 0 0 0 0 0 2 4 17 99 40 22 4 0 0
0 0 0 0 0 0 0 0 0 0 0 1 2 3 8 6 2 3 0 0
0 0 0 0 0 0 0 0 0 0 0 0 0 0 1 0 0 0 0 0
0 0 0 0 0 0 0 0 0 0 0 0 0 0 0 0 0 0 0 0
0 0 0 0 0 0 0 0 0 0 0 0 0 0 0 0 0 0 0 0
0 0 0 0 0 0 0 0 0 0 0 0 0 0 0 0 0 0 0 0
0 0 0 0 0 0 0 0 0 0 0 0 0 0 0 0 0 0 0 0
0 0 0 0 0 0 0 0 0 0 0 0 0 0 0 0 0 0 0 0
0 0 0 0 0 0 0 0 0 0 0 0 0 0 0 0 0 0 0 0
0 0 0 0 0 0 0 0 0 0 0 0 0 0 0 0 0 0 0 0
0 0 0 0 0 0 0 0 0 0 0 0 0 0 0 0 0 0 0 0
0 0 0 0 0 0 0 0 0 0 0 0 0 0 0 0 0 0 0 0
0 0 0 0 0 0 0 0 0 0 0 0 0 0 0 0 0 0 0 0
0 0 0 0 0 0 0 0 0 0 0 0 0 0 0 0 0 0 0 0
0 0 0 0 0 0 0 0 0 0 0 0 1 1 1 2 0 0 0 0
0 0 0 0 0 0 0 0 0 0 0 3 5 17 13 7 5 1 0 0
0 0 0 0 0 0 0 0 0 0 1 4 27 32 107 61 30 5 0 0
0 0 0 0 0 0 0 0 0 0 1 8 30 99 94 224 85 9 1 0
0 0 0 0 0 0 0 0 0 0 1 18 32 136 154 161 75 12 1 0
0 0 0 0 0 0 0 0 0 0 1 4 19 101 170 193 38 5 1 0
0 0 0 0 0 0 0 0 0 0 0 3 6 22 122 50 36 7 1 0
0 0 0 0 0 0 0 0 0 0 0 1 3 5 15 8 4 6 0 0
0 0 0 0 0 0 0 0 0 0 0 0 0 1 1 1 1 1 0 0
0 0 0 0 0 0 0 0 0 0 0 0 0 0 0 0 0 0 0 0
0 0 0 0 0 0 0 0 0 0 0 0 0 0 0 0 0 0 0 0
0 0 0 0 0 0 0 0 0 0 0 0 0 0 0 0 0 0 0 0
0 0 0 0 0 0 0 0 0 0 0 0 0 0 0 0 0 0 0 0
0 0 0 0 0 0 0 0 0 0 0 0 0 0 0 0 0 0 0 0
0 0 0 0 0 0 0 0 0 0 0 0 0 0 0 0 0 0 0 0
0 0 0 0 0 0 0 0 0 0 0 0 0 0 0 0 0 0 0 0
0 0 0 0 0 0 0 0 0 0 0 0 0 0 0 0 0 0 0 0
0 0 0 0 0 0 0 0 0 0 0 0 0 0 0 0 0 0 0 0
0 0 0 0 0 0 0 0 0 0 0 0 0 0 0 0 0 0 0 0
0 0 0 0 0 0 0 0 0 0 0 0 0 0 0 0 0 0 0 0
0 0 0 0 0 0 0 0 0 0 0 0 1 2 3 3 1 0 0 0
0 0 0 0 0 0 0 0 0 0 0 6 8 29 27 11 9 2 0 0
0 0 0 0 0 0 0 0 0 0 2 7 28 53 143 92 41 8 1 0
0 0 0 0 0 0 0 0 0 0 3 11 38 123 102 199 79 15 1 0
0 0 0 0 0 0 0 0 0 0 3 23 47 148 154 159 108 20 2 0
0 0 0 0 0 0 0 0 0 0 1 5 25 94 193 196 54 12 2 0
0 0 0 0 0 0 0 0 0 0 1 5 12 40 115 76 48 13 2 0
0 0 0 0 0 0 0 0 0 0 0 1 5 7 17 10 7 7 1 0
0 0 0 0 0 0 0 0 0 0 0 0 0 2 1 1 2 1 0 0
0 0 0 0 0 0 0 0 0 0 0 0 0 0 0 0 0 0 0 0
0 0 0 0 0 0 0 0 0 0 0 0 0 0 0 0 0 0 0 0
0 0 0 0 0 0 0 0 0 0 0 0 0 0 0 0 0 0 0 0
0 0 0 0 0 0 0 0 0 0 0 0 0 0 0 0 0 0 0 0
0 0 0 0 0 0 0 0 0 0 0 0 0 0 0 0 0 0 0 0
0 0 0 0 0 0 0 0 0 0 0 0 0 0 0 0 0 0 0 0
0 0 0 0 0 0 0 0 0 0 0 0 0 0 0 0 0 0 0 0
0 0 0 0 0 0 0 0 0 0 0 0 0 0 0 0 0 0 0 0
0 0 0 0 0 0 0 0 0 0 0 0 0 0 0 0 0 0 0 0
0 0 0 0 0 0 0 0 0 0 0 0 0 0 0 0 0 0 0 0
0 0 0 0 0 0 0 0 0 0 0 0 0 0 1 0 0 0 0 0
0 0 0 0 0 0 0 0 0 0 0 1 2 3 5 7 1 1 0 0
0 0 0 0 0 0 0 0 0 0 1 12 16 47 44 25 13 4 1 0
0 0 0 0 0 0 0 0 0 0 4 11 50 63 175 112 72 18 2 0
0 0 0 0 0 0 0 0 0 0 4 16 62 132 148 181 108 27 3 0
0 0 0 0 0 0 0 0 0 0 4 34 69 177 149 170 125 32 4 0
0 0 0 0 0 0 0 0 0 0 2 8 35 100 202 199 86 22 4 0
0 0 0 0 0 0 0 0 0 0 1 7 19 60 136 95 76 20 4 0
0 0 0 0 0 0 0 0 0 0 1 2 9 15 23 18 10 9 1 0
0 0 0 0 0 0 0 0 0 0 0 1 1 2 2 2 2 2 1 0
0 0 0 0 0 0 0 0 0 0 0 0 0 0 0 0 0 0 0 0
0 0 0 0 0 0 0 0 0 0 0 0 0 0 0 0 0 0 0 0
0 0 0 0 0 0 0 0 0 0 0 0 0 0 0 0 0 0 0 0
0 0 0 0 0 0 0 0 0 0 0 0 0 0 0 0 0 0 0 0
0 0 0 0 0 0 0 0 0 0 0 0 0 0 0 0 0 0 0 0
0 0 0 0 0 0 0 0 0 0 0 0 0 0 0 0 0 0 0 0
0 0 0 0 0 0 0 0 0 0 0 0 0 0 0 0 0 0 0 0
0 0 0 0 0 0 0 0 0 0 0 0 0 0 0 0 0 0 0 0
0 0 0 0 0 0 0 0 0 0 0 0 0 0 0 0 0 0 0 0
0 0 0 0 0 0 0 0 0 0 0 0 0 0 0 0 0 0 0 0
0 0 0 0 0 0 0 0 0 0 0 0 0 1 1 1 1 0 0 0
0 0 0 0 0 0 0 0 0 0 1 2 4 4 8 8 3 2 0 0
0 0 0 0 0 0 0 0 0 0 2 20 25 56 69 58 14 6 1 0
0 0 0 0 0 0 0 0 0 0 6 19 63 72 202 126 112 26 3 0
0 0 0 0 0 0 0 0 0 1 5 19 95 141 155 162 170 41 7 1
0 0 0 0 0 0 0 0 0 0 8 54 77 167 135 160 151 48 8 1
0 0 0 0 0 0 0 0 0 0 3 15 41 109 190 192 115 47 6 1
0 0 0 0 0 0 0 0 0 0 1 13 29 72 162 133 118 33 8 1
0 0 0 0 0 0 0 0 0 0 2 3 12 20 43 36 24 14 2 0
0 0 0 0 0 0 0 0 0 0 0 1 1 3 4 3 5 4 1 0
0 0 0 0 0 0 0 0 0 0 0 0 0 0 0 0 0 0 0 0
0 0 0 0 0 0 0 0 0 0 0 0 0 0 0 0 0 0 0 0
0 0 0 0 0 0 0 0 0 0 0 0 0 0 0 0 0 0 0 0
0 0 0 0 0 0 0 0 0 0 0 0 0 0 0 0 0 0 0 0
0 0 0 0 0 0 0 0 0 0 0 0 0 0 0 0 0 0 0 0
0 0 0 0 0 0 0 0 0 0 0 0 0 0 0 0 0 0 0 0
0 0 0 0 0 0 0 0 0 0 0 0 0 0 0 0 0 0 0 0
0 0 0 0 0 0 0 0 0 0 0 0 0 0 0 0 0 0 0 0
0 0 0 0 0 0 0 0 0 0 0 0 0 0 0 0 0 0 0 0
0 0 0 0 0 0 0 0 0 0 0 0 0 0 0 0 0 0 0 0
0 0 0 0 0 0 0 0 0 0 0 0 1 1 2 2 1 0 0 0
0 0 0 0 0 0 0 0 0 0 2 3 7 6 19 13 6 3 1 0
0 0 0 0 0 0 0 0 0 0 3 33 33 87 103 80 17 8 1 0
0 0 0 0 0 0 0 0 0 1 7 23 94 86 191 155 142 34 5 1
0 0 0 0 0 0 0 0 0 1 10 24 116 166 156 146 190 52 12 1
0 0 0 0 0 0 0 0 0 1 12 69 82 164 120 157 145 62 17 2
0 0 0 0 0 0 0 0 0 1 5 26 71 130 167 171 162 64 11 1
0 0 0 0 0 0 0 0 0 0 2 23 56 118 188 144 166 49 10 1
0 0 0 0 0 0 0 0 0 0 3 5 18 43 81 44 46 19 3 1
0 0 0 0 0 0 0 0 0 0 0 1 2 5 5 5 10 5 2 0
0 0 0 0 0 0 0 0 0 0 0 0 0 0 1 1 1 1 0 0
0 0 0 0 0 0 0 0 0 0 0 0 0 0 0 0 0 0 0 0
0 0 0 0 0 0 0 0 0 0 0 0 0 0 0 0 0 0 0 0
0 0 0 0 0 0 0 0 0 0 0 0 0 0 0 0 0 0 0 0
0 0 0 0 0 0 0 0 0 0 0 0 0 0 0 0 0 0 0 0
0 0 0 0 0 0 0 0 0 0 0 0 0 0 0 0 0 0 0 0
0 0 0 0 0 0 0 0 0 0 0 0 0 0 0 0 0 0 0 0
0 0 0 0 0 0 0 0 0 0 0 0 0 0 0 0 0 0 0 0
0 0 0 0 0 0 0 0 0 0 0 0 0 0 0 0 0 0 0 0
0 0 0 0 0 0 0 0 0 0 0 0 0 0 0 0 0 0 0 0
0 0 0 0 0 0 0 0 0 0 0 1 2 3 3 4 2 0 0 0
0 0 0 0 0 0 0 0 0 0 3 5 14 8 29 18 9 7 2 0
0 0 0 0 0 0 0 0 0 1 6 37 38 128 143 102 36 15 2 1
0 0 0 0 0 0 0 0 0 2 10 41 130 134 192 135 129 44 8 1
0 0 0 0 0 0 0 0 0 3 13 48 182 166 160 130 177 56 14 2
0 0 0 0 0 0 0 0 0 1 21 85 117 150 105 147 155 83 29 2
0 0 0 0 0 0 0 0 0 1 10 42 111 119 150 147 184 83 17 3
0 0 0 0 0 0 0 0 0 1 4 26 67 118 177 151 177 55 12 2
0 0 0 0 0 0 0 0 0 1 4 12 38 49 111 63 78 29 5 2
0 0 0 0 0 0 0 0 0 0 1 2 4 10 7 11 19 8 3 0
0 0 0 0 0 0 0 0 0 0 0 0 1 1 2 1 1 1 1 0
0 0 0 0 0 0 0 0 0 0 0 0 0 0 0 0 0 0 0 0
0 0 0 0 0 0 0 0 0 0 0 0 0 0 0 0 0 0 0 0
0 0 0 0 0 0 0 0 0 0 0 0 0 0 0 0 0 0 0 0
0 0 0 0 0 0 0 0 0 0 0 0 0 0 0 0 0 0 0 0
0 0 0 0 0 0 0 0 0 0 0 0 0 0 0 0 0 0 0 0
0 0 0 0 0 0 0 0 0 0 0 0 0 0 0 0 0 0 0 0
0 0 0 0 0 0 0 0 0 0 0 0 0 0 0 0 0 0 0 0
0 0 0 0 0 0 0 0 0 0 0 0 0 0 0 0 0 0 0 0
0 0 0 0 0 0 0 0 0 0 0 0 0 0 0 0 0 0 0 0
0 0 0 0 0 0 0 0 0 0 0 1 3 6 8 8 3 1 1 0
0 0 0 0 0 0 0 0 0 1 5 11 20 17 54 36 14 11 2 0
0 0 0 0 0 0 0 0 0 2 9 41 59 149 176 174 66 21 4 1
0 0 0 0 0 0 0 0 0 4 17 54 155 170 175 153 137 47 10 2
0 0 0 0 0 0 0 0 0 5 17 77 181 153 156 116 166 78 27 3
0 0 0 0 0 0 0 0 0 2 34 90 138 155 91 140 159 101 65 3
0 0 0 0 0 0 0 0 0 2 15 86 139 115 129 132 187 118 30 4
0 0 0 0 0 0 0 0 0 1 6 31 73 137 174 147 181 103 21 6
0 0 0 0 0 0 0 0 0 1 6 16 52 73 129 87 116 54 9 3
0 0 0 0 0 0 0 0 0 0 1 4 7 15 15 18 30 11 7 1
0 0 0 0 0 0 0 0 0 0 0 1 1 3 4 2 2 2 1 0
0 0 0 0 0 0 0 0 0 0 0 0 0 0 1 0 0 0 0 0
0 0 0 0 0 0 0 0 0 0 0 0 0 0 0 0 0 0 0 0
0 0 0 0 0 0 0 0 0 0 0 0 0 0 0 0 0 0 0 0
0 0 0 0 0 0 0 0 0 0 0 0 0 0 0 0 0 0 0 0
0 0 0 0 0 0 0 0 0 0 0 0 0 0 0 0 0 0 0 0
0 0 0 0 0 0 0 0 0 0 0 0 0 0 0 0 0 0 0 0
0 0 0 0 0 0 0 0 0 0 0 0 0 0 0 0 0 0 0 0
0 0 0 0 0 0 0 0 0 0 0 0 0 0 0 0 0 0 0 0
0 0 0 0 0 0 0 0 0 0 0 0 0 0 0 0 0 0 0 0
0 0 0 0 0 0 0 0 0 0 1 2 5 6 15 13 6 2 1 0
0 0 0 0 0 0 0 0 0 1 6 19 31 31 54 64 20 16 3 0
0 0 0 0 0 0 0 0 0 2 15 66 76 155 161 189 76 31 7 1
0 0 0 0 0 0 0 0 1 5 26 68 158 157 149 159 150 72 24 3
0 0 0 0 0 0 0 0 1 9 32 123 163 138 142 100 161 104 34 6
0 0 0 0 0 0 0 0 1 3 59 125 169 134 80 127 174 154 92 5
0 0 0 0 0 0 0 0 0 4 22 139 173 121 112 114 183 129 39 8
0 0 0 0 0 0 0 0 0 2 11 39 109 149 154 147 171 114 27 10
0 0 0 0 0 0 0 0 0 1 8 24 72 90 141 131 132 99 15 7
0 0 0 0 0 0 0 0 0 1 2 5 9 17 27 30 42 20 13 1
0 0 0 0 0 0 0 0 0 0 0 1 2 4 7 4 4 4 2 0
0 0 0 0 0 0 0 0 0 0 0 0 0 1 1 0 0 0 0 0
0 0 0 0 0 0 0 0 0 0 0 0 0 0 0 0 0 0 0 0
0 0 0 0 0 0 0 0 0 0 0 0 0 0 0 0 0 0 0 0
0 0 0 0 0 0 0 0 0 0 0 0 0 0 0 0 0 0 0 0
0 0 0 0 0 0 0 0 0 0 0 0 0 0 0 0 0 0 0 0
0 0 0 0 0 0 0 0 0 0 0 0 0 0 0 0 0 0 0 0
0 0 0 0 0 0 0 0 0 0 0 0 0 0 0 0 0 0 0 0
0 0 0 0 0 0 0 0 0 0 0 0 0 0 0 0 0 0 0 0
0 0 0 0 0 0 0 0 0 0 0 0 0 0 0 0 0 0 0 0
0 0 0 0 0 0 0 0 0 0 1 4 11 13 31 20 8 3 2 1
0 0 0 0 0 0 0 0 0 1 7 42 47 47 92 87 27 21 5 1
0 0 0 0 0 0 0 0 0 3 23 99 107 162 165 193 116 53 9 2
0 0 0 0 0 0 0 0 1 8 39 87 165 158 131 147 155 104 36 5
0 0 0 0 0 0 0 0 1 11 37 165 165 126 124 85 145 151 34 8
0 0 0 0 0 0 0 0 1 5 78 163 170 115 67 112 164 182 120 8
0 0 0 0 0 0 0 0 1 6 34 191 190 140 97 95 171 149 62 13
0 0 0 0 0 0 0 0 0 4 29 63 141 168 140 150 173 141 39 27
0 0 0 0 0 0 0 0 0 3 11 61 106 95 159 164 196 152 25 14
0 0 0 0 0 0 0 0 0 1 3 12 16 25 35 42 54 37 20 2
0 0 0 0 0 0 0 0 0 0 1 1 4 5 9 10 8 7 4 1
0 0 0 0 0 0 0 0 0 0 0 0 1 1 1 1 1 1 0 0
0 0 0 0 0 0 0 0 0 0 0 0 0 0 0 0 0 0 0 0
0 0 0 0 0 0 0 0 0 0 0 0 0 0 0 0 0 0 0 0
0 0 0 0 0 0 0 0 0 0 0 0 0 0 0 0 0 0 0 0
0 0 0 0 0 0 0 0 0 0 0 0 0 0 0 0 0 0 0 0
0 0 0 0 0 0 0 0 0 0 0 0 0 0 0 0 0 0 0 0
0 0 0 0 0 0 0 0 0 0 0 0 0 0 0 0 0 0 0 0
0 0 0 0 0 0 0 0 0 0 0 0 0 0 0 0 0 0 0 0
0 0 0 0 0 0 0 0 0 0 0 0 0 0 0 0 0 0 0 0
0 0 0 0 0 0 0 0 0 1 3 8 14 22 43 33 12 6 5 1
0 0 0 0 0 0 0 0 0 3 12 44 74 58 123 129 39 29 11 1
0 0 0 0 0 0 0 0 1 6 39 113 124 154 174 183 169 61 16 2
0 0 0 0 0 0 0 0 2 16 74 148 169 156 114 134 163 123 53 12
0 0 0 0 0 0 0 0 3 12 56 203 159 119 110 70 132 159 47 16
0 0 0 0 0 0 0 0 1 8 91 211 174 103 57 99 148 190 151 14
0 0 0 0 0 0 0 0 1 12 71 180 177 129 85 80 147 161 85 23
0 0 0 0 0 0 0 0 1 6 31 89 149 155 127 133 161 156 59 43
0 0 0 0 0 0 0 0 0 4 11 68 149 128 161 162 198 163 45 27
0 0 0 0 0 0 0 0 0 2 6 21 26 36 55 70 63 53 26 4
0 0 0 0 0 0 0 0 0 1 1 2 7 8 14 12 10 10 7 2
0 0 0 0 0 0 0 0 0 0 0 1 1 2 3 1 2 1 0 1
0 0 0 0 0 0 0 0 0 0 0 0 0 0 0 0 0 0 0 0
0 0 0 0 0 0 0 0 0 0 0 0 0 0 0 0 0 0 0 0
0 0 0 0 0 0 0 0 0 0 0 0 0 0 0 0 0 0 0 0
0 0 0 0 0 0 0 0 0 0 0 0 0 0 0 0 0 0 0 0
0 0 0 0 0 0 0 0 0 0 0 0 0 0 0 0 0 0 0 0
0 0 0 0 0 0 0 0 0 0 0 0 0 0 0 0 0 0 0 0
0 0 0 0 0 0 0 0 0 0 0 0 0 0 0 0 0 0 0 0
0 0 0 0 0 0 0 0 0 0 0 0 0 0 0 0 0 0 0 0
0 0 0 0 0 0 0 0 0 2 5 10 18 36 48 47 29 9 10 1
0 0 0 0 0 0 0 0 1 6 17 56 99 85 165 156 50 37 11 2
0 0 0 0 0 0 0 0 2 9 44 141 113 148 164 160 167 71 31 4
0 0 0 0 0 0 0 0 4 23 105 186 169 147 96 124 149 158 67 12
0 0 0 0 0 0 0 0 4 16 92 217 151 105 96 60 118 150 63 30
0 0 0 0 0 0 0 0 2 13 133 201 170 90 50 85 127 188 165 21
0 0 0 0 0 0 0 0 1 19 108 176 159 116 76 67 131 155 145 29
0 0 0 0 0 0 0 0 1 11 39 118 146 159 108 125 149 172 126 58
0 0 0 0 0 0 0 0 1 6 16 90 205 148 166 166 191 168 49 34
0 0 0 0 0 0 0 0 0 3 11 32 39 62 57 119 82 70 47 7
0 0 0 0 0 0 0 0 0 2 2 4 15 11 21 24 19 13 15 4
0 0 0 0 0 0 0 0 0 0 1 1 2 2 4 2 3 2 1 2
0 0 0 0 0 0 0 0 0 0 0 0 0 0 0 0 0 0 0 0
0 0 0 0 0 0 0 0 0 0 0 0 0 0 0 0 0 0 0 0
0 0 0 0 0 0 0 0 0 0 0 0 0 0 0 0 0 0 0 0
0 0 0 0 0 0 0 0 0 0 0 0 0 0 0 0 0 0 0 0
0 0 0 0 0 0 0 0 0 0 0 0 0 0 0 0 0 0 0 0
0 0 0 0 0 0 0 0 0 0 0 0 0 0 0 0 0 0 0 0
0 0 0 0 0 0 0 0 0 0 0 0 0 0 0 0 0 0 0 0
0 0 0 0 0 0 0 0 0 0 0 0 0 0 0 0 0 0 0 0
0 0 0 0 0 0 0 0 1 7 6 16 28 37 70 68 47 15 19 1
0 0 0 0 0 0 0 0 1 11 26 61 125 121 175 196 79 70 20 4
0 0 0 0 0 0 0 0 3 15 52 160 131 138 144 159 173 103 58 9
0 0 0 0 0 0 0 1 7 38 128 185 151 131 82 111 134 170 113 13
0 0 0 0 0 0 0 0 6 19 154 201 133 97 85 51 106 172 92 53
0 0 0 0 0 0 0 1 3 21 143 194 150 80 42 74 106 181 157 40
0 0 0 0 0 0 0 0 2 23 121 177 145 102 65 56 123 148 168 38
0 0 0 0 0 0 0 0 2 17 54 132 146 152 92 116 130 180 142 68
0 0 0 0 0 0 0 0 2 8 27 168 198 144 159 176 163 199 59 65
0 0 0 0 0 0 0 0 1 4 16 47 48 109 122 143 100 94 75 15
0 0 0 0 0 0 0 0 0 3 3 6 19 18 35 42 28 20 19 5
0 0 0 0 0 0 0 0 0 0 1 2 3 5 6 4 4 3 2 3
0 0 0 0 0 0 0 0 0 0 0 0 1 0 1 1 0 0 0 0
0 0 0 0 0 0 0 0 0 0 0 0 0 0 0 0 0 0 0 0
0 0 0 0 0 0 0 0 0 0 0 0 0 0 0 0 0 0 0 0
0 0 0 0 0 0 0 0 0 0 0 0 0 0 0 0 0 0 0 0
0 0 0 0 0 0 0 0 0 0 0 0 0 0 0 0 0 0 0 0
0 0 0 0 0 0 0 0 0 0 0 0 0 0 0 0 0 0 0 0
0 0 0 0 0 0 0 0 0 0 0 0 0 0 0 0 0 0 0 0
0 0 0 0 0 0 0 0 0 0 0 0 0 0 0 0 0 0 0 0
0 0 0 0 0 0 0 0 1 17 12 23 41 52 86 76 60 32 28 3
0 0 0 0 0 0 0 0 2 20 35 87 133 131 187 209 91 86 42 6
0 0 0 0 0 0 0 0 4 18 67 170 132 140 127 143 181 168 98 14
0 0 0 0 0 0 0 1 9 73 133 185 133 120 69 98 122 171 149 22
0 0 0 0 0 0 0 1 12 29 188 173 117 85 72 43 92 170 134 67
0 0 0 0 0 0 0 1 5 32 145 180 130 71 36 63 89 172 167 50
0 0 0 0 0 0 0 0 4 36 146 176 135 97 57 47 111 160 179 53
0 0 0 0 0 0 0 0 3 31 74 132 142 134 78 104 113 168 159 128
0 0 0 0 0 0 0 0 3 11 46 200 177 139 146 162 159 206 76 110
0 0 0 0 0 0 0 0 1 6 24 93 66 141 141 176 115 135 113 19
0 0 0 0 0 0 0 0 1 6 7 8 29 32 61 91 45 26 34 10
0 0 0 0 0 0 0 0 0 1 1 4 5 7 9 9 7 4 3 4
0 0 0 0 0 0 0 0 0 0 0 0 1 1 1 1 1 1 0 0
0 0 0 0 0 0 0 0 0 0 0 0 0 0 0 0 0 0 0 0
0 0 0 0 0 0 0 0 0 0 0 0 0 0 0 0 0 0 0 0
0 0 0 0 0 0 0 0 0 0 0 0 0 0 0 0 0 0 0 0
0 0 0 0 0 0 0 0 0 0 0 0 0 0 0 0 0 0 0 0
0 0 0 0 0 0 0 0 0 0 0 0 0 0 0 0 0 0 0 0
0 0 0 0 0 0 0 0 0 0 0 0 0 0 0 0 0 0 0 0
0 0 0 0 0 0 0 0 0 0 0 0 0 0 0 0 0 0 0 0
0 0 0 0 0 0 0 0 3 24 17 50 59 67 98 90 83 46 47 6
0 0 0 0 0 0 0 1 5 43 95 112 145 161 181 199 118 123 64 12
0 0 0 0 0 0 0 1 7 21 91 167 139 125 114 133 190 170 137 28
0 0 0 0 0 0 0 2 17 78 155 178 117 106 58 85 111 171 165 36
0 0 0 0 0 0 0 1 16 45 182 153 103 72 60 37 80 156 156 92
0 0 0 0 0 0 0 3 7 39 145 156 113 62 30 54 77 148 176 95
0 0 0 0 0 0 0 0 6 41 164 164 124 89 48 39 97 142 183 71
0 0 0 0 0 0 0 0 6 42 104 145 144 123 66 97 100 160 156 165
0 0 0 0 0 0 0 0 5 11 64 224 170 139 133 155 143 189 93 134
0 0 0 0 0 0 0 0 1 8 31 129 101 162 180 199 144 146 152 22
0 0 0 0 0 0 0 0 1 10 10 11 37 55 82 114 67 45 70 15
0 0 0 0 0 0 0 0 0 1 2 6 8 16 14 13 12 6 5 7
0 0 0 0 0 0 0 0 0 0 1 1 1 1 1 2 2 1 0 1
0 0 0 0 0 0 0 0 0 0 0 0 0 0 0 0 0 0 0 0
0 0 0 0 0 0 0 0 0 0 0 0 0 0 0 0 0 0 0 0
0 0 0 0 0 0 0 0 0 0 0 0 0 0 0 0 0 0 0 0
0 0 0 0 0 0 0 0 0 0 0 0 0 0 0 0 0 0 0 0
0 0 0 0 0 0 0 0 0 0 0 0 0 0 0 0 0 0 0 0
0 0 0 0 0 0 0 0 0 0 0 0 0 0 0 0 0 0 0 0
0 0 0 0 0 0 0 0 0 0 0 0 0 0 0 0 0 0 0 0
0 0 0 0 0 0 0 1 5 34 30 86 73 75 136 98 113 88 52 12
0 0 0 0 0 0 0 1 7 47 152 128 170 178 170 178 166 129 105 23
0 0 0 0 0 0 0 1 11 26 132 157 142 111 100 117 166 173 186 40
0 0 0 0 0 0 0 3 18 79 155 162 108 92 48 74 96 163 169 46
0 0 0 0 0 0 0 2 21 81 164 140 92 64 52 30 71 137 164 109
0 0 0 0 0 0 0 4 13 69 146 133 97 55 26 46 66 128 153 128
0 0 0 0 0 0 0 1 12 80 179 143 112 79 41 33 84 123 166 93
0 0 0 0 0 0 0 1 8 62 110 139 136 108 57 83 86 142 155 195
0 0 0 0 0 0 0 1 8 16 74 214 164 144 122 137 136 169 115 149
0 0 0 0 0 0 0 1 2 11 59 182 143 204 172 216 162 164 165 29
0 0 0 0 0 0 0 0 1 15 20 17 48 82 134 120 86 68 107 18
0 0 0 0 0 0 0 0 1 3 3 11 16 27 24 23 22 11 9 9
0 0 0 0 0 0 0 0 0 0 1 2 2 2 2 3 4 2 1 1
0 0 0 0 0 0 0 0 0 0 0 0 0 0 0 0 0 0 0 0
0 0 0 0 0 0 0 0 0 0 0 0 0 0 0 0 0 0 0 0
0 0 0 0 0 0 0 0 0 0 0 0 0 0 0 0 0 0 0 0
0 0 0 0 0 0 0 0 0 0 0 0 0 0 0 0 0 0 0 0
0 0 0 0 0 0 0 0 0 0 0 0 0 0 0 0 0 0 0 0
0 0 0 0 0 0 0 0 0 0 0 0 0 0 0 0 0 0 0 0
0 0 0 0 0 0 0 0 0 0 0 0 0 0 0 0 0 0 0 0
0 0 0 0 0 0 0 1 7 64 57 103 102 83 168 128 114 104 80 19
0 0 0 0 0 0 0 2 11 55 157 138 153 180 153 162 184 157 131 42
0 0 0 0 0 0 0 3 17 44 152 152 132 103 87 100 148 160 186 68
0 0 0 0 0 0 0 5 27 100 142 151 92 84 40 63 84 144 161 55
0 0 0 0 0 0 1 3 31 119 162 118 77 54 44 25 59 124 143 114
0 0 0 0 0 0 0 9 16 109 142 112 83 46 22 39 57 109 141 131
0 0 0 0 0 0 0 2 24 142 181 127 99 68 35 28 72 108 158 124
0 0 0 0 0 0 0 2 14 96 132 130 121 93 48 72 73 129 155 192
0 0 0 0 0 0 0 1 13 25 97 187 148 128 112 124 119 149 111 160
0 0 0 0 0 0 0 1 4 15 91 177 167 209 169 193 177 169 176 58
0 0 0 0 0 0 0 0 2 22 25 26 84 110 141 141 166 74 147 20
0 0 0 0 0 0 0 0 2 6 4 14 23 32 45 40 46 30 15 11
0 0 0 0 0 0 0 0 0 0 2 2 3 3 5 5 9 3 2 2
0 0 0 0 0 0 0 0 0 0 0 0 0 0 0 1 1 1 0 0
0 0 0 0 0 0 0 0 0 0 0 0 0 0 0 0 0 0 0 0
0 0 0 0 0 0 0 0 0 0 0 0 0 0 0 0 0 0 0 0
0 0 0 0 0 0 0 0 0 0 0 0 0 0 0 0 0 0 0 0
0 0 0 0 0 0 0 0 0 0 0 0 0 0 0 0 0 0 0 0
0 0 0 0 0 0 0 0 0 0 0 0 0 0 0 0 0 0 0 0
0 0 0 0 0 0 0 0 0 0 0 0 0 0 0 0 0 0 0 0
0 0 0 0 0 0 0 1 10 81 72 164 139 96 186 160 143 126 100 23
0 0 0 0 0 0 0 3 17 70 159 143 151 176 141 143 181 167 129 50
0 0 0 0 0 0 1 5 24 57 152 134 127 93 74 87 128 157 179 139
0 0 0 0 0 0 1 11 55 126 150 139 81 79 34 56 72 129 159 60
0 0 0 0 0 0 1 6 50 188 150 101 67 47 38 21 50 111 137 140
0 0 0 0 0 0 1 15 24 141 133 94 72 40 18 34 50 97 130 171
0 0 0 0 0 0 0 2 43 180 176 109 89 57 30 23 60 99 148 149
0 0 0 0 0 0 0 4 28 121 159 125 103 79 40 63 63 114 153 185
0 0 0 0 0 0 0 2 24 39 113 158 130 124 100 105 103 127 138 170
0 0 0 0 0 0 0 1 8 27 120 188 159 185 157 168 181 172 186 68
0 0 0 0 0 0 0 1 3 35 33 40 125 117 168 176 195 95 168 26
0 0 0 0 0 0 0 0 3 6 6 20 38 48 54 55 55 49 26 13
0 0 0 0 0 0 0 0 0 1 3 4 5 5 8 8 17 6 4 3
0 0 0 0 0 0 0 0 0 0 0 1 0 0 1 1 1 1 0 0
0 0 0 0 0 0 0 0 0 0 0 0 0 0 0 0 0 0 0 0
0 0 0 0 0 0 0 0 0 0 0 0 0 0 0 0 0 0 0 0
0 0 0 0 0 0 0 0 0 0 0 0 0 0 0 0 0 0 0 0
0 0 0 0 0 0 0 0 0 0 0 0 0 0 0 0 0 0 0 0
0 0 0 0 0 0 0 0 0 0 0 0 0 0 0 0 0 0 0 0
0 0 0 0 0 0 0 0 0 0 0 0 0 0 0 0 0 0 0 0
0 0 0 0 0 0 0 3 15 91 86 164 165 124 206 178 148 140 120 27
0 0 0 0 0 0 1 7 39 82 189 129 141 168 121 125 183 183 166 76
0 0 0 0 0 0 1 7 38 88 152 120 116 78 66 74 110 150 183 158
0 0 0 0 0 0 1 20 93 156 146 121 71 70 28 50 63 117 153 81
0 0 0 0 0 0 2 7 80 199 141 92 57 40 32 18 42 97 128 134
0 0 0 0 0 0 1 27 38 184 122 79 63 34 15 28 43 83 118 177
0 0 0 0 0 0 1 4 83 191 153 97 78 49 25 19 51 87 136 179
0 0 0 0 0 0 0 8 32 134 159 119 90 69 34 53 54 100 151 161
0 0 0 0 0 0 1 4 35 50 135 141 112 120 87 93 89 107 142 163
0 0 0 0 0 0 0 3 12 55 158 184 161 173 160 147 162 168 188 112
0 0 0 0 0 0 0 1 5 64 50 58 163 134 188 186 206 129 190 44
0 0 0 0 0 0 0 0 4 19 13 32 59 69 58 71 70 51 46 17
0 0 0 0 0 0 0 0 1 2 4 6 10 9 15 11 25 9 4 5
0 0 0 0 0 0 0 0 0 0 0 1 1 1 1 2 3 2 1 0
0 0 0 0 0 0 0 0 0 0 0 0 0 0 0 0 0 0 0 0
0 0 0 0 0 0 0 0 0 0 0 0 0 0 0 0 0 0 0 0
0 0 0 0 0 0 0 0 0 0 0 0 0 0 0 0 0 0 0 0
0 0 0 0 0 0 0 0 0 0 0 0 0 0 0 0 0 0 0 0
0 0 0 0 0 0 0 0 0 0 0 0 0 0 0 0 0 0 0 0
0 0 0 0 0 0 0 0 0 0 0 0 0 0 0 0 0 0 0 0
0 0 0 0 0 0 1 9 27 145 100 195 160 135 189 181 147 139 134 36
0 0 0 0 0 0 1 10 59 101 183 126 136 147 110 108 173 167 170 105
0 0 0 0 0 0 2 11 57 122 149 107 102 67 56 63 100 134 170 183
0 0 0 0 0 0 2 33 117 180 138 103 62 61 23 44 56 99 134 122
0 0 0 0 0 0 5 15 134 210 130 81 49 34 26 15 36 83 124 138
0 0 0 0 0 0 2 45 44 194 122 66 55 29 13 24 36 69 103 164
0 0 0 0 0 0 1 8 102 213 137 85 67 42 21 16 44 74 121 205
0 0 0 0 0 0 1 15 57 191 169 112 78 60 29 46 45 87 148 155
0 0 0 0 0 0 1 9 57 58 135 129 95 109 77 80 75 93 158 177
0 0 0 0 0 0 0 4 16 86 163 176 152 148 146 127 149 154 182 127
0 0 0 0 0 0 0 1 9 83 84 85 184 181 183 163 222 145 197 69
0 0 0 0 0 0 0 1 7 22 27 56 102 89 89 91 126 83 72 31
0 0 0 0 0 0 0 0 1 3 6 13 16 13 17 16 26 17 10 9
0 0 0 0 0 0 0 0 0 1 1 2 1 1 3 4 7 3 2 1
0 0 0 0 0 0 0 0 0 0 0 0 0 0 0 0 1 0 0 0
0 0 0 0 0 0 0 0 0 0 0 0 0 0 0 0 0 0 0 0
0 0 0 0 0 0 0 0 0 0 0 0 0 0 0 0 0 0 0 0
0 0 0 0 0 0 0 0 0 0 0 0 0 0 0 0 0 0 0 0
0 0 0 0 0 0 0 0 0 0 0 0 0 0 0 0 0 0 0 0
0 0 0 0 0 0 0 0 0 0 0 0 0 0 0 0 0 0 0 0
0 0 0 0 0 0 1 15 45 152 125 191 155 152 169 178 158 141 148 55
0 0 0 0 0 0 1 17 80 123 179 123 119 131 96 90 154 141 159 116
0 0 0 0 0 0 4 20 91 123 156 94 92 58 48 53 84 119 156 172
0 0 0 0 0 0 3 70 153 176 121 87 52 52 19 38 48 89 118 148
0 0 0 0 0 0 10 32 178 212 116 69 42 29 22 13 30 70 120 129
0 0 0 0 0 0 5 43 54 218 111 55 47 25 11 20 30 58 89 164
0 0 0 0 0 0 2 13 111 206 124 72 57 36 18 13 36 65 111 188
0 0 0 0 0 0 1 19 97 205 155 101 71 52 25 40 38 73 140 141
0 0 0 0 0 0 2 21 65 76 142 111 81 94 66 70 65 79 155 155
0 0 0 0 0 0 1 8 33 121 187 159 140 129 133 114 134 138 157 137
0 0 0 0 0 0 1 2 19 140 111 92 175 193 172 163 202 164 173 72
0 0 0 0 0 0 0 1 10 30 39 79 138 109 144 120 159 119 84 44
0 0 0 0 0 0 0 0 2 4 11 27 24 19 29 22 33 23 16 20
0 0 0 0 0 0 0 0 0 1 1 3 2 2 3 6 16 5 3 1
0 0 0 0 0 0 0 0 0 0 0 0 0 0 0 1 1 1 0 0
0 0 0 0 0 0 0 0 0 0 0 0 0 0 0 0 0 0 0 0
0 0 0 0 0 0 0 0 0 0 0 0 0 0 0 0 0 0 0 0
0 0 0 0 0 0 0 0 0 0 0 0 0 0 0 0 0 0 0 0
0 0 0 0 0 0 0 0 0 0 0 0 0 0 0 0 0 0 0 0
0 0 0 0 0 0 0 0 0 0 0 0 0 0 0 0 0 0 0 0
0 0 0 0 0 0 2 23 63 151 138 177 154 144 150 161 158 151 159 70
0 0 0 0 0 0 2 22 111 141 159 110 110 116 80 76 140 126 157 135
0 0 0 0 0 0 5 29 159 139 152 81 85 49 41 44 74 115 140 171
0 0 0 0 0 1 7 89 171 156 108 73 45 43 16 33 41 76 106 174
0 0 0 0 0 1 15 53 194 190 105 58 36 25 19 11 25 60 105 125
0 0 0 0 0 1 7 57 75 209 98 46 40 21 9 17 26 48 79 147
0 0 0 0 0 0 3 17 118 184 111 62 49 30 15 11 30 57 96 165
0 0 0 0 0 0 2 31 115 196 140 99 62 43 21 36 31 63 122 123
0 0 0 0 0 0 3 42 92 102 135 94 69 80 56 60 55 66 151 145
0 0 0 0 0 0 2 10 59 126 171 147 135 110 113 98 118 121 143 138
0 0 0 0 0 0 1 3 29 162 154 97 171 170 165 145 175 185 171 116
0 0 0 0 0 0 0 1 16 50 49 103 191 134 184 119 169 137 121 45
0 0 0 0 0 0 0 1 4 9 24 48 39 32 53 40 43 46 40 31
0 0 0 0 0 0 0 0 1 1 2 7 5 4 5 9 18 6 6 2
0 0 0 0 0 0 0 0 0 0 0 0 1 1 1 1 2 2 0 0
0 0 0 0 0 0 0 0 0 0 0 0 0 0 0 0 0 0 0 0
0 0 0 0 0 0 0 0 0 0 0 0 0 0 0 0 0 0 0 0
0 0 0 0 0 0 0 0 0 0 0 0 0 0 0 0 0 0 0 0
0 0 0 0 0 0 0 0 0 0 0 0 0 0 0 0 0 0 0 0
0 0 0 0 0 0 0 0 0 0 0 0 0 0 0 0 0 0 0 0
0 0 0 0 0 1 4 42 97 163 159 172 147 151 131 144 142 154 173 92
0 0 0 0 0 1 6 40 132 150 139 102 98 100 70 63 122 114 148 184
0 0 0 0 0 1 10 48 172 155 136 69 76 43 35 37 63 98 127 165
0 0 0 0 0 1 14 112 180 152 94 63 38 37 13 28 36 65 92 158
0 0 0 0 0 2 22 74 196 166 91 49 31 21 16 9 22 53 89 132
0 0 0 0 0 1 12 66 100 191 86 38 35 18 8 14 22 40 68 135
0 0 0 0 0 1 4 18 138 166 95 53 42 26 13 9 25 50 84 150
0 0 0 0 0 0 4 62 134 167 119 89 54 37 17 30 26 53 104 106
0 0 0 0 0 0 4 57 98 117 130 80 61 68 46 52 47 55 136 129
0 0 0 0 0 0 4 11 71 125 165 130 125 94 101 83 105 107 123 161
0 0 0 0 0 0 2 4 40 179 164 96 166 160 138 141 158 187 155 146
0 0 0 0 0 0 1 2 21 60 68 97 201 152 178 154 174 144 155 47
0 0 0 0 0 0 0 2 9 15 31 71 48 58 87 51 58 51 57 73
0 0 0 0 0 0 0 0 2 2 5 9 9 8 10 14 25 7 14 4
0 0 0 0 0 0 0 0 0 0 0 1 1 1 1 1 4 2 1 0
0 0 0 0 0 0 0 0 0 0 0 0 0 0 0 0 0 0 0 0
0 0 0 0 0 0 0 0 0 0 0 0 0 0 0 0 0 0 0 0
0 0 0 0 0 0 0 0 0 0 0 0 0 0 0 0 0 0 0 0
0 0 0 0 0 0 0 0 0 0 0 0 0 0 0 0 0 0 0 0
0 0 0 0 0 0 0 0 0 0 0 0 0 0 0 0 0 0 0 0
0 0 0 0 0 2 10 51 112 153 143 158 145 149 113 127 129 146 164 109
0 0 0 0 0 1 11 68 149 178 120 97 85 86 59 54 103 99 142 174
0 0 0 0 0 3 17 93 217 157 121 60 66 37 31 31 53 84 109 155
0 0 0 0 0 2 32 122 169 133 82 53 32 32 11 24 30 56 79 156
0 0 0 0 0 3 39 100 189 145 77 42 26 18 13 7 18 45 77 114
0 0 0 0 0 2 22 75 114 164 75 32 30 15 6 12 19 33 58 122
0 0 0 0 0 1 6 30 163 141 81 44 35 21 10 8 21 45 71 129
0 0 0 0 0 0 7 97 147 154 102 78 46 32 14 25 22 45 89 91
0 0 0 0 0 1 9 89 119 139 123 68 51 59 39 44 39 46 123 116
0 0 0 0 0 1 6 18 79 135 153 112 117 83 90 71 90 95 104 158
0 0 0 0 0 0 4 7 52 175 174 97 153 147 127 126 137 164 135 175
0 0 0 0 0 0 2 3 21 78 108 131 179 193 188 166 160 191 148 75
0 0 0 0 0 0 1 3 11 29 42 117 64 95 107 74 65 74 112 92
0 0 0 0 0 0 0 1 2 4 9 13 11 10 15 18 30 15 25 8
0 0 0 0 0 0 0 0 0 0 1 1 3 2 2 2 8 2 1 1
0 0 0 0 0 0 0 0 0 0 0 0 0 0 0 0 0 1 0 0
0 0 0 0 0 0 0 0 0 0 0 0 0 0 0 0 0 0 0 0
0 0 0 0 0 0 0 0 0 0 0 0 0 0 0 0 0 0 0 0
0 0 0 0 0 0 0 0 0 0 0 0 0 0 0 0 0 0 0 0
0 0 0 0 0 0 0 0 0 0 0 0 0 0 0 0 0 0 0 0
0 0 0 0 0 2 16 78 130 134 143 139 128 139 96 107 118 136 149 150
0 0 0 0 1 3 23 97 166 164 106 92 76 74 51 46 90 93 126 176
0 0 0 0 0 8 29 103 228 144 106 52 55 32 26 26 44 75 97 143
0 0 0 0 0 5 73 113 156 120 72 44 26 27 9 20 26 48 73 159
0 0 0 0 0 5 47 132 173 124 65 35 22 15 11 6 15 38 72 107
0 0 0 0 0 5 30 110 153 139 65 27 25 13 5 10 16 28 48 109
0 0 0 0 0 2 14 51 180 121 71 38 30 18 9 6 18 38 60 109
0 0 0 0 0 2 22 129 156 140 95 70 43 26 12 22 18 37 74 79
0 0 0 0 0 1 17 144 149 158 112 57 44 52 33 38 33 39 108 103
0 0 0 0 0 1 11 24 120 140 144 95 101 70 78 60 77 83 91 155
0 0 0 0 0 1 10 10 65 159 172 111 134 136 113 110 116 152 120 168
0 0 0 0 0 0 5 7 30 84 169 126 175 188 178 175 170 190 145 125
0 0 0 0 0 0 2 6 23 32 66 155 94 126 147 94 67 111 154 119
0 0 0 0 0 0 0 2 4 8 15 27 15 18 22 31 40 21 49 13
0 0 0 0 0 0 0 0 0 1 1 1 5 3 4 3 10 4 2 1
0 0 0 0 0 0 0 0 0 0 0 0 0 0 0 1 1 1 0 0
0 0 0 0 0 0 0 0 0 0 0 0 0 0 0 0 0 0 0 0
0 0 0 0 0 0 0 0 0 0 0 0 0 0 0 0 0 0 0 0
0 0 0 0 0 0 0 0 0 0 0 0 0 0 0 0 0 0 0 0
0 0 0 0 0 0 0 0 0 0 0 0 0 0 0 0 0 0 0 0
0 0 0 0 0 4 38 118 155 132 144 119 117 123 82 92 107 121 141 155
0 0 0 0 2 5 37 103 162 150 93 81 67 63 43 39 78 84 111 168
0 0 0 0 1 15 40 107 204 142 94 45 48 27 23 22 38 65 83 130
0 0 0 0 1 8 102 135 151 104 62 37 22 23 8 17 22 41 66 143
0 0 0 0 1 9 62 148 161 106 55 29 19 13 9 5 13 33 65 94
0 0 0 0 1 6 45 132 165 119 59 23 21 11 4 8 13 23 41 96
0 0 0 0 0 4 23 65 175 105 61 32 26 15 7 5 15 33 50 96
0 0 0 0 0 3 35 160 166 123 87 59 37 22 10 18 16 32 63 68
0 0 0 0 0 3 32 195 175 162 102 48 37 44 28 32 28 32 97 86
0 0 0 0 0 2 21 34 131 159 129 82 88 60 66 51 66 71 78 155
0 0 0 0 0 2 19 16 81 150 176 143 119 118 100 94 100 135 105 174
0 0 0 0 0 1 7 14 56 97 175 149 157 170 165 180 152 179 152 139
0 0 0 0 0 0 3 13 35 55 73 151 120 173 169 127 91 163 207 162
0 0 0 0 0 0 1 7 8 16 20 34 25 27 29 47 51 37 102 28
0 0 0 0 0 0 0 0 1 2 2 3 7 5 9 5 20 7 3 3
0 0 0 0 0 0 0 0 0 0 0 0 0 1 1 1 1 2 1 0
0 0 0 0 0 0 0 0 0 0 0 0 0 0 0 0 0 0 0 0
0 0 0 0 0 0 0 0 0 0 0 0 0 0 0 0 0 0 0 0
0 0 0 0 0 0 0 0 0 0 0 0 0 0 0 0 0 0 0 0
0 0 0 0 0 0 0 0 0 0 0 0 0 0 0 0 0 0 0 0
0 0 0 0 0 6 67 142 160 120 144 100 102 105 69 77 91 109 125 132
0 0 0 0 3 8 80 128 167 141 81 72 59 54 37 33 65 71 97 149
0 0 0 0 2 19 67 112 177 140 81 38 43 23 20 19 32 55 71 113
0 0 0 0 2 13 112 151 141 93 56 32 19 20 6 15 19 35 57 133
0 0 0 0 1 11 112 173 148 90 47 25 16 11 8 4 11 28 58 88
0 0 0 0 1 11 70 163 180 101 52 19 18 9 4 7 11 19 35 84
0 0 0 0 1 8 32 73 169 91 51 27 22 13 6 4 13 29 43 85
0 0 0 0 1 6 42 183 165 107 75 52 33 19 8 15 13 27 52 57
0 0 0 0 1 4 34 185 181 155 93 40 31 37 23 28 24 27 85 73
0 0 0 0 0 4 31 38 147 160 113 70 76 52 57 42 56 60 65 146
0 0 0 0 0 3 22 19 100 149 172 153 108 103 86 81 84 123 89 170
0 0 0 0 0 1 13 27 93 115 189 159 148 159 145 173 145 159 142 151
0 0 0 0 0 1 3 18 56 60 88 160 138 191 177 140 111 190 210 170
0 0 0 0 0 0 1 10 11 23 25 48 36 42 51 61 67 51 116 61
0 0 0 0 0 0 0 1 1 3 5 5 9 7 11 10 30 12 6 5
0 0 0 0 0 0 0 0 0 0 0 1 1 1 1 3 2 2 1 0
0 0 0 0 0 0 0 0 0 0 0 0 0 0 0 0 0 0 0 0
0 0 0 0 0 0 0 0 0 0 0 0 0 0 0 0 0 0 0 0
0 0 0 0 0 0 0 0 0 0 0 0 0 0 0 0 0 0 0 0
0 0 0 0 0 0 0 0 0 0 0 0 0 0 0 0 0 0 0 0
0 0 0 0 1 8 106 168 154 108 130 84 89 92 58 65 79 95 107 144
0 0 0 0 3 16 104 148 177 125 68 67 50 46 31 27 54 61 83 132
0 0 0 0 3 34 95 138 154 129 70 33 37 19 17 16 26 46 61 98
0 0 0 0 4 31 141 161 124 82 48 26 15 17 5 13 16 30 49 118
0 0 0 0 2 20 148 176 131 75 40 21 14 9 7 4 9 24 53 81
0 0 0 0 1 18 129 158 154 85 44 16 15 8 3 6 10 16 30 76
0 0 0 0 1 10 69 99 148 76 43 23 18 11 5 4 11 25 36 72
0 0 0 0 1 12 81 177 148 89 68 45 30 16 7 13 11 22 44 48
0 0 0 0 2 8 58 181 186 145 81 34 27 33 19 24 20 22 74 62
0 0 0 0 1 7 55 53 170 155 99 60 67 44 49 35 47 50 54 129
0 0 0 0 0 6 40 31 122 134 156 136 94 89 74 69 71 107 75 162
0 0 0 0 0 3 19 50 121 133 177 153 139 140 126 153 133 143 131 157
0 0 0 0 0 1 5 32 89 70 128 168 138 207 190 172 111 200 189 187
0 0 0 0 0 0 1 19 23 24 34 73 58 58 52 78 107 69 143 118
0 0 0 0 0 0 0 2 2 5 8 8 12 9 13 21 65 20 8 13
0 0 0 0 0 0 0 0 0 1 1 1 1 2 2 6 3 5 1 1
0 0 0 0 0 0 0 0 0 0 0 0 0 0 0 0 0 0 0 0
0 0 0 0 0 0 0 0 0 0 0 0 0 0 0 0 0 0 0 0
0 0 0 0 0 0 0 0 0 0 0 0 0 0 0 0 0 0 0 0
0 0 0 0 0 0 0 0 0 0 0 0 0 0 0 0 0 0 0 0
0 0 0 1 2 16 98 171 158 93 116 72 77 80 49 55 70 84 94 141
0 0 0 0 7 38 128 143 160 112 58 60 43 39 26 23 45 53 72 119
0 0 0 0 5 67 97 151 132 119 59 28 32 16 14 13 22 39 51 84
0 0 0 1 7 42 181 152 111 73 41 22 13 14 4 11 13 25 42 102
0 0 0 0 4 31 150 178 115 63 33 18 12 8 6 3 8 20 47 72
0 0 0 0 2 25 200 151 146 72 37 13 13 7 3 5 8 14 25 65
0 0 0 0 2 23 106 104 136 64 36 19 16 9 4 3 9 21 30 62
0 0 0 1 2 25 104 174 133 77 60 40 25 14 6 11 9 19 36 41
0 0 0 0 4 21 77 174 167 139 76 28 23 28 16 20 17 19 64 52
0 0 0 0 2 12 79 73 152 141 86 51 60 37 42 30 40 43 46 113
0 0 0 0 1 10 57 48 138 124 134 139 80 75 63 58 59 92 66 145
0 0 0 0 0 4 23 60 137 146 173 134 120 117 113 137 118 134 127 171
0 0 0 0 0 2 7 43 126 87 194 190 154 212 168 167 146 189 178 193
0 0 0 0 0 0 2 39 38 32 56 89 64 99 79 109 150 96 154 179
0 0 0 0 0 0 1 3 5 9 11 11 18 17 20 28 85 29 15 17
0 0 0 0 0 0 0 0 0 1 1 3 2 3 3 11 5 7 2 1
0 0 0 0 0 0 0 0 0 0 0 0 0 0 1 1 1 1 1 0
0 0 0 0 0 0 0 0 0 0 0 0 0 0 0 0 0 0 0 0
0 0 0 0 0 0 0 0 0 0 0 0 0 0 0 0 0 0 0 0
0 0 0 0 0 0 0 0 0 0 0 0 0 0 0 0 0 0 0 0
0 0 0 1 3 29 98 188 158 84 98 62 68 67 40 46 59 78 79 124
0 0 0 1 14 63 130 146 148 102 50 54 37 33 22 20 38 46 63 106
0 0 0 1 9 84 112 157 114 106 52 24 27 14 12 11 19 33 43 71
0 0 0 1 13 61 203 149 97 66 37 19 11 12 4 9 11 21 37 88
0 0 0 1 7 58 150 178 97 53 29 15 10 7 5 3 6 17 41 67
0 0 0 1 6 44 201 129 145 60 32 11 11 6 2 4 7 11 21 55
0 0 0 0 5 35 120 106 119 54 30 16 13 8 4 3 8 18 25 53
0 0 0 1 3 30 118 153 124 66 53 35 22 11 5 9 8 16 30 35
0 0 0 0 8 27 93 154 151 123 69 24 19 24 13 16 14 16 54 44
0 0 0 0 3 19 128 106 150 130 73 43 50 31 36 25 34 36 38 98
0 0 0 0 1 16 81 65 133 114 121 142 70 64 54 49 50 78 57 129
0 0 0 0 1 7 31 94 171 150 158 138 106 108 98 118 106 120 113 179
0 0 0 0 1 2 12 57 132 122 204 176 156 192 157 151 164 185 177 186
0 0 0 0 0 1 3 56 46 55 86 149 62 112 107 123 149 114 153 209
0 0 0 0 0 0 2 6 9 20 17 34 42 22 28 44 105 50 36 27
0 0 0 0 0 0 0 1 1 2 3 4 3 5 5 17 7 13 5 1
0 0 0 0 0 0 0 0 0 0 0 0 0 1 1 1 2 2 1 0
0 0 0 0 0 0 0 0 0 0 0 0 0 0 0 0 0 0 0 0
0 0 0 0 0 0 0 0 0 0 0 0 0 0 0 0 0 0 0 0
0 0 0 0 0 0 0 0 0 0 0 0 0 0 0 0 0 0 0 0
0 0 0 1 6 38 133 167 154 76 88 52 58 59 33 39 52 66 68 117
0 0 0 1 19 88 204 178 125 85 43 48 31 28 18 17 32 39 55 97
0 0 0 2 12 92 123 146 98 94 44 21 23 12 10 9 16 28 36 63
0 0 0 2 22 80 191 140 84 56 31 15 9 10 3 8 10 18 31 78
0 0 0 2 16 117 149 155 81 45 25 12 9 6 4 2 5 14 37 61
0 0 0 1 14 64 199 116 140 50 27 9 9 5 2 3 6 9 18 46
0 0 0 1 10 43 119 121 102 45 26 13 11 6 3 2 7 15 21 45
0 0 0 2 5 44 164 140 115 56 47 30 19 10 4 8 6 13 25 30
0 0 0 1 15 56 108 140 132 111 62 20 16 21 11 14 12 13 46 37
0 0 0 1 10 41 157 133 139 112 62 35 43 27 30 20 28 32 32 87
0 0 0 0 3 28 125 84 138 102 101 129 59 54 45 43 41 66 49 118
0 0 0 0 1 13 40 127 166 152 134 123 89 92 84 100 94 101 103 149
0 0 0 0 1 4 15 97 174 115 179 158 146 164 134 140 166 157 158 171
0 0 0 0 0 1 5 59 97 85 101 166 90 175 138 135 148 171 161 207
0 0 0 0 0 1 4 14 17 26 26 57 51 41 45 60 116 59 49 41
0 0 0 0 0 0 1 1 1 3 5 5 11 9 8 23 13 31 9 3
0 0 0 0 0 0 0 0 0 0 0 1 1 1 3 2 3 4 3 1
0 0 0 0 0 0 0 0 0 0 0 0 0 0 0 0 0 0 0 0
0 0 0 0 0 0 0 0 0 0 0 0 0 0 0 0 0 0 0 0
0 0 0 0 0 0 0 0 0 0 0 0 0 0 0 0 0 0 0 0
0 0 0 2 9 67 134 145 134 68 81 44 49 50 28 33 43 55 59 104
0 0 0 2 25 118 202 162 108 76 36 42 27 23 15 14 27 35 48 81
0 0 0 5 18 107 166 135 84 81 38 17 19 10 9 8 13 24 30 53
0 0 0 2 33 121 175 127 72 47 27 13 8 8 3 7 8 15 28 68
0 0 0 4 21 152 147 138 68 38 21 10 7 5 3 2 5 12 33 53
0 0 0 2 23 81 205 116 129 41 23 8 8 4 2 3 5 8 15 39
0 0 0 2 15 78 140 130 88 38 22 11 9 5 3 2 5 13 18 38
0 0 0 3 8 56 158 125 100 48 40 26 16 8 3 7 5 11 21 26
0 0 0 3 30 72 109 129 113 104 57 17 13 18 9 12 10 11 40 31
0 0 0 2 15 71 190 139 127 100 52 30 37 23 25 17 24 26 27 74
0 0 0 1 6 53 189 121 127 89 84 112 51 45 38 37 34 56 41 98
0 0 0 0 2 17 61 124 176 141 117 108 76 80 72 84 79 87 95 134
0 0 0 0 1 7 25 155 207 158 168 148 143 144 122 145 157 134 140 149
0 0 0 0 0 2 9 62 137 122 119 182 114 188 156 159 164 181 152 206
0 0 0 0 0 1 7 27 29 37 34 87 86 82 52 80 145 81 77 59
0 0 0 0 0 0 1 3 3 4 13 13 20 20 15 31 17 39 18 5
0 0 0 0 0 0 0 0 0 1 1 2 2 2 5 4 5 9 4 1
0 0 0 0 0 0 0 0 0 0 0 0 0 0 0 0 1 1 1 0
0 0 0 0 0 0 0 0 0 0 0 0 0 0 0 0 0 0 0 0
0 0 0 0 0 0 0 0 0 0 0 0 0 0 0 0 0 0 0 0
0 0 0 4 27 95 140 132 118 62 71 37 41 44 23 28 37 46 51 95
0 0 1 4 45 137 182 154 92 65 31 38 22 19 13 12 22 29 41 69
0 0 0 7 26 140 187 129 71 68 32 15 16 8 7 7 11 20 25 46
0 0 1 3 43 122 152 108 63 39 23 11 6 7 2 6 7 12 24 58
0 0 0 6 37 167 160 124 58 32 18 9 6 4 3 1 4 10 29 45
0 0 0 3 35 86 184 119 111 34 19 7 7 3 1 2 4 6 12 33
0 0 0 3 28 116 150 145 75 32 19 9 8 5 2 1 5 11 15 32
0 0 0 5 12 77 180 112 85 42 35 22 14 7 3 6 4 9 18 22
0 0 1 5 39 121 116 116 99 89 50 14 11 15 8 10 8 9 35 26
0 0 0 3 26 117 227 132 114 90 43 25 32 19 21 14 20 22 23 64
0 0 0 2 10 81 197 171 123 74 71 102 45 39 32 31 28 47 35 85
0 0 0 0 4 25 91 137 176 142 108 92 65 71 61 72 66 75 88 122
0 0 0 0 2 9 38 155 223 163 156 128 134 126 113 128 142 128 121 132
0 0 0 0 1 4 15 97 137 127 130 181 127 195 176 169 182 192 148 201
0 0 0 0 0 2 14 43 44 37 46 102 146 110 59 87 155 103 90 61
0 0 0 0 0 0 3 6 6 7 22 21 35 27 20 39 33 63 25 12
0 0 0 0 0 0 0 0 1 1 2 3 3 3 5 8 8 12 9 3
0 0 0 0 0 0 0 0 0 0 0 0 0 0 0 1 1 1 1 0
0 0 0 0 0 0 0 0 0 0 0 0 0 0 0 0 0 0 0 0
0 0 0 0 0 0 0 0 0 0 0 0 0 0 0 0 0 0 0 0
0 0 1 10 35 112 139 117 102 55 64 31 35 38 19 23 32 40 43 83
0 0 1 8 87 144 171 131 80 55 26 34 19 16 11 10 19 25 35 60
0 0 1 10 41 150 187 119 59 58 27 12 14 7 6 6 9 17 21 40
0 0 1 8 70 144 134 96 56 33 20 9 5 6 2 5 6 10 21 51
0 0 1 11 47 210 148 109 48 27 15 7 5 3 2 1 3 9 25 39
0 0 0 5 47 101 160 110 95 28 17 5 5 3 1 2 4 5 11 28
0 0 1 5 35 116 154 155 64 27 16 8 7 4 2 1 4 10 13 27
0 0 1 11 33 97 165 102 74 36 30 19 12 6 2 5 4 7 15 19
0 0 1 8 51 154 147 104 86 76 44 12 9 13 7 8 7 8 29 22
0 0 0 8 42 162 207 134 106 78 37 21 27 17 17 12 17 18 19 55
0 0 0 4 16 124 205 197 122 62 61 90 38 33 26 26 23 39 29 71
0 0 0 1 6 35 150 167 164 128 95 80 56 60 52 60 56 63 79 106
0 0 0 0 6 13 64 197 196 172 141 110 119 109 98 111 133 106 100 110
0 0 0 0 1 5 30 153 168 147 136 167 131 177 186 167 165 177 132 180
0 0 0 0 0 4 20 48 56 52 76 123 188 110 87 154 160 149 164 112
0 0 0 0 0 1 5 10 10 13 28 33 38 35 42 64 52 99 34 20
0 0 0 0 0 0 0 1 1 2 2 7 4 6 10 12 15 17 14 6
0 0 0 0 0 0 0 0 0 0 0 0 0 1 1 1 2 2 1 1
0 0 0 0 0 0 0 0 0 0 0 0 0 0 0 0 0 0 0 0
0 0 0 0 0 0 0 0 0 0 0 0 0 0 0 0 0 0 0 0
0 0 1 18 42 119 127 101 88 47 54 27 30 32 16 20 27 34 37 77
0 0 2 20 101 165 162 113 68 47 22 30 16 14 9 8 16 21 31 52
0 0 1 20 50 161 178 104 50 50 23 11 12 6 5 5 8 14 18 34
0 0 2 10 94 146 124 84 47 28 17 7 5 5 1 4 5 9 18 44
0 0 2 15 80 194 134 96 41 22 13 6 4 3 2 1 3 7 21 34
0 0 1 13 78 111 141 97 82 23 14 5 5 3 1 2 3 4 9 24
0 0 1 10 77 132 162 156 53 22 13 6 6 3 2 1 3 8 11 23
0 0 1 17 37 118 148 94 64 30 25 16 11 5 2 4 3 6 12 16
0 0 2 13 90 188 139 94 73 64 38 10 8 11 5 7 6 6 25 18
0 0 1 14 57 189 187 125 93 67 31 18 23 14 15 10 14 16 16 46
0 0 1 5 21 165 205 184 117 52 54 79 33 28 22 22 19 33 25 61
0 0 0 1 8 50 194 168 152 117 82 73 47 52 46 50 47 53 71 93
0 0 0 1 8 20 85 190 173 168 125 96 107 92 83 104 115 95 87 94
0 0 0 0 1 8 48 183 158 139 139 164 182 169 184 165 146 168 129 158
0 0 0 0 1 7 34 89 75 62 96 181 200 152 148 205 154 174 182 131
0 0 0 0 0 2 10 13 19 18 59 67 43 52 55 85 90 124 59 34
0 0 0 0 0 0 1 2 1 3 5 9 5 10 22 20 31 27 24 10
0 0 0 0 0 0 0 0 0 0 0 1 1 1 2 3 3 4 2 1
0 0 0 0 0 0 0 0 0 0 0 0 0 0 0 0 0 0 0 0
0 0 0 0 0 0 0 0 0 0 0 0 0 0 0 0 0 0 0 0
0 0 2 27 73 131 143 88 75 41 45 22 26 27 13 16 23 29 31 71
0 0 3 39 127 162 141 97 57 40 19 25 13 11 8 7 13 18 26 43
0 0 2 27 73 166 155 94 42 43 19 9 10 5 4 4 6 12 15 30
0 0 3 15 126 150 114 75 40 24 14 6 4 4 1 3 4 7 15 38
0 0 2 18 98 182 121 82 34 19 11 5 4 2 2 1 2 6 18 29
0 0 2 23 79 109 123 86 71 19 12 4 4 2 1 1 3 4 8 21
0 0 2 15 95 143 164 145 44 19 11 5 5 3 1 1 3 7 9 19
0 0 2 29 48 129 130 80 55 25 22 13 9 4 2 4 3 5 10 13
0 0 3 14 128 211 151 81 60 58 33 9 6 9 5 6 5 5 21 16
0 0 1 19 76 197 173 131 85 57 26 15 19 12 13 8 12 13 13 39
0 0 1 10 37 197 192 174 115 45 46 66 28 24 18 19 16 27 21 51
0 0 1 3 13 68 212 169 138 102 71 66 40 45 38 42 40 45 59 81
0 0 0 2 10 33 102 179 146 148 109 81 100 78 71 93 102 81 75 79
0 0 0 1 2 14 73 201 155 148 139 154 206 152 171 153 128 149 112 134
0 0 0 0 1 12 43 149 80 90 130 224 201 169 144 199 151 170 199 149
0 0 0 0 0 3 15 21 33 26 76 90 53 94 96 154 113 148 84 78
0 0 0 0 0 1 2 3 3 7 9 19 7 12 28 42 45 36 38 18
0 0 0 0 0 0 0 0 0 1 1 2 2 1 2 4 4 8 3 2
0 0 0 0 0 0 0 0 0 0 0 0 0 0 0 0 0 0 1 0
0 0 0 0 0 0 0 0 0 0 0 0 0 0 0 0 0 0 0 0
0 0 4 43 100 144 128 73 63 35 40 19 22 24 11 14 19 24 26 61
0 0 4 54 144 158 127 88 48 33 16 21 11 9 6 6 11 15 22 36
0 0 5 30 87 176 144 85 35 38 16 8 9 4 4 3 5 10 12 25
0 0 3 32 152 158 100 64 35 20 12 5 3 4 1 3 3 6 13 32
0 0 5 45 156 170 109 70 29 16 9 4 3 2 1 1 2 5 16 24
0 0 3 33 84 162 105 74 59 16 10 3 3 2 1 1 2 3 6 18
0 0 3 19 119 134 149 126 38 16 10 4 4 2 1 1 2 6 8 16
0 0 5 34 69 139 116 70 48 21 19 12 8 4 1 3 2 4 9 11
0 1 4 26 127 197 152 70 51 50 29 7 5 8 4 5 4 4 18 13
0 0 3 30 101 189 156 130 75 47 22 12 17 10 11 7 10 11 11 33
0 0 2 17 64 205 169 162 103 38 38 56 23 20 15 16 13 23 17 43
0 0 1 6 37 101 213 155 121 89 60 57 34 38 33 35 33 38 50 69
0 0 0 3 15 46 133 169 125 140 97 70 88 66 63 83 89 70 63 67
0 0 0 1 4 23 90 210 148 145 132 132 191 134 162 138 112 127 102 113
0 0 0 0 2 15 51 177 104 117 148 204 209 168 155 183 142 176 199 164
0 0 0 0 1 4 24 33 40 34 78 155 87 154 97 192 120 169 127 91
0 0 0 0 0 1 4 5 4 10 15 23 17 20 40 67 82 64 40 28
0 0 0 0 0 0 0 0 1 1 2 2 4 3 5 8 8 13 5 3
0 0 0 0 0 0 0 0 0 0 0 0 0 0 0 1 1 1 1 0
0 0 0 0 0 0 0 0 0 0 0 0 0 0 0 0 0 0 0 0
0 0 6 55 128 151 116 68 53 31 34 15 18 20 9 12 16 21 22 51
0 0 7 77 153 164 111 75 40 29 13 19 9 8 5 5 9 13 19 30
0 1 9 41 142 166 123 76 29 32 14 6 7 4 3 3 4 9 11 22
0 2 7 60 192 159 88 54 30 17 10 4 3 3 1 2 3 5 11 27
0 1 9 69 201 158 95 59 24 13 8 4 3 2 1 1 2 4 14 20
0 1 6 66 107 163 92 66 49 13 9 3 3 2 1 1 2 3 5 15
0 0 5 40 150 135 136 111 31 13 8 4 3 2 1 1 2 5 6 14
0 1 6 51 103 130 112 60 42 18 16 10 7 3 1 3 2 4 7 9
0 1 9 29 134 197 147 61 43 43 25 6 5 7 3 4 4 4 15 11
0 1 4 40 126 167 136 118 68 39 19 10 15 8 9 6 8 9 9 27
0 1 5 21 94 203 153 148 92 32 32 49 20 17 13 13 11 19 15 36
0 0 1 8 46 122 189 151 103 77 51 48 29 32 28 29 28 32 42 60
0 0 0 4 23 61 153 157 106 119 83 58 77 55 54 76 78 60 52 57
0 0 1 3 7 31 123 196 148 148 133 112 174 124 141 120 99 115 87 96
0 0 0 0 4 29 66 197 148 133 196 189 182 158 157 169 131 167 190 173
0 0 0 0 1 6 31 40 39 60 85 167 141 164 109 193 150 204 167 99
0 0 0 0 0 1 5 11 6 15 24 36 30 30 78 81 124 74 49 49
0 0 0 0 0 0 1 1 1 1 3 4 7 7 7 12 15 24 10 5
0 0 0 0 0 0 0 0 0 0 0 0 1 1 1 1 1 2 2 1
0 0 0 0 0 0 0 0 0 0 0 0 0 0 0 0 0 0 0 0
0 1 9 74 142 168 105 60 45 27 28 13 16 18 7 10 14 18 19 47
0 1 10 125 152 152 94 65 34 25 11 16 8 7 5 4 8 11 16 25
0 1 13 61 165 153 107 64 24 27 12 5 6 3 3 2 4 7 9 19
0 4 9 77 217 143 73 47 25 14 9 3 2 3 1 2 2 4 9 22
0 1 21 93 196 142 83 49 20 11 7 3 2 1 1 0 1 4 12 17
0 1 12 74 121 154 80 57 42 11 7 2 2 1 0 1 2 2 4 13
0 1 8 83 144 150 124 100 26 11 7 3 3 2 1 0 2 4 5 12
0 1 7 58 143 144 97 54 36 15 14 9 5 3 1 2 2 3 6 8
0 1 17 47 132 170 124 52 36 36 22 5 4 6 3 4 3 3 12 9
0 1 8 47 136 153 116 109 60 33 15 9 13 7 7 5 7 8 8 23
0 1 8 35 115 185 130 141 81 28 27 41 17 15 10 11 9 16 12 31
0 0 3 17 80 143 170 136 88 68 44 41 25 27 24 25 24 27 37 53
0 0 1 9 55 85 156 136 92 104 71 49 67 46 47 67 67 51 44 49
0 0 1 5 10 52 153 174 137 148 122 97 148 109 118 107 87 104 77 82
0 0 0 1 6 48 93 226 150 142 206 174 158 154 154 162 120 151 174 181
0 0 0 0 2 8 54 48 48 84 103 193 169 168 139 199 169 191 167 110
0 0 0 0 0 3 10 21 9 17 39 69 46 47 120 86 122 109 59 86
0 0 0 0 0 1 2 1 2 2 4 6 10 9 9 17 28 43 13 7
0 0 0 0 0 0 0 0 0 0 0 1 1 2 1 2 3 3 3 1
0 0 0 0 0 0 0 0 0 0 0 0 0 0 0 0 0 0 0 0
0 1 15 87 142 177 93 51 39 23 24 11 13 15 6 8 12 15 16 43
0 1 20 160 149 134 81 56 29 21 10 14 7 5 4 3 6 9 13 21
1 2 21 84 185 136 95 56 20 23 10 5 5 3 2 2 3 6 7 16
0 10 11 109 210 137 62 41 21 12 7 3 2 2 1 2 2 4 8 19
0 2 30 107 187 123 75 41 17 9 6 2 2 1 1 0 1 3 10 15
0 2 21 104 147 166 69 50 35 9 6 2 2 1 0 1 1 2 4 11
0 2 13 131 146 152 108 87 22 9 6 3 2 1 1 0 1 4 4 10
0 2 19 107 157 158 86 48 30 13 12 7 5 2 1 2 1 3 5 7
0 1 27 47 137 150 116 44 30 30 19 4 3 5 2 3 3 3 11 8
0 2 9 53 153 142 97 104 52 29 13 7 11 6 6 4 6 7 6 20
0 1 12 38 112 170 109 127 72 23 23 35 14 12 9 9 8 13 10 26
0 1 5 23 108 162 150 118 73 58 37 36 21 22 20 21 20 22 33 45
0 0 2 11 93 105 148 121 77 90 61 41 56 38 40 57 57 43 38 41
0 0 1 9 16 79 180 154 124 138 113 83 126 96 98 90 75 88 69 70
0 0 0 1 13 85 107 211 163 165 197 158 136 153 155 142 107 131 159 165
0 0 0 0 4 18 80 87 60 108 115 198 190 156 173 182 187 181 179 118
0 0 0 0 1 5 22 26 17 20 64 86 67 76 170 86 162 132 84 129
0 0 0 0 1 1 3 1 3 2 6 8 17 12 15 32 52 62 23 11
0 0 0 0 0 0 0 0 1 1 0 1 2 3 2 4 4 6 5 1
0 0 0 0 0 0 0 0 0 0 0 0 0 0 0 0 0 0 0 0
0 3 24 145 156 155 84 44 33 20 20 9 11 13 5 7 10 13 13 37
0 3 46 209 142 115 69 47 24 18 8 12 6 5 3 3 5 8 11 18
1 3 37 125 172 116 79 49 17 19 8 4 4 2 2 2 2 5 6 14
1 21 19 150 185 128 54 36 18 10 6 2 2 2 0 1 2 3 7 16
1 5 50 163 165 107 64 34 14 8 5 2 2 1 1 0 1 3 9 12
0 4 38 99 138 144 58 45 30 7 5 2 2 1 0 1 1 1 3 9
0 5 19 166 158 141 92 74 19 8 5 2 2 1 1 0 1 3 4 8
0 3 32 115 200 157 80 41 26 11 10 6 4 2 1 2 1 2 4 6
0 3 33 63 144 132 104 38 25 26 17 3 3 4 2 3 2 2 9 7
0 7 15 73 172 135 82 99 45 24 11 6 9 5 5 3 5 5 5 17
0 2 16 48 130 152 92 108 64 19 19 30 12 10 7 8 6 11 9 22
0 1 6 32 134 178 129 101 62 51 32 31 18 19 17 17 17 19 27 38
0 1 2 20 168 123 156 106 65 78 54 34 48 32 35 48 49 36 31 34
0 0 3 15 23 124 223 133 110 119 104 74 105 81 83 76 65 78 62 58
0 0 1 2 26 110 120 191 183 171 183 138 120 144 148 129 96 117 138 147
0 0 0 1 6 40 96 105 71 135 146 190 200 166 176 163 180 154 184 134
0 0 0 1 2 11 37 42 27 38 82 89 97 106 188 118 148 149 91 162
0 0 0 0 1 2 5 3 7 4 9 15 22 17 32 59 81 62 33 16
0 0 0 0 0 0 0 1 2 1 1 1 2 4 4 8 7 10 8 3
0 0 0 0 0 0 0 0 0 0 0 0 0 1 1 1 1 1 1 1
0 6 33 141 155 136 75 39 28 17 17 8 9 11 4 6 9 11 11 31
1 6 68 223 152 107 59 40 20 15 7 10 5 4 3 2 4 7 10 15
1 5 73 160 166 99 68 43 14 16 7 3 4 2 2 1 2 4 5 11
1 28 32 218 163 111 46 31 15 8 5 2 1 2 0 1 2 3 6 14
1 8 82 161 171 93 56 29 12 6 4 2 1 1 1 0 1 2 7 11
0 8 56 146 153 123 49 39 25 6 4 1 1 1 0 0 1 1 3 8
1 6 30 202 148 126 78 65 16 7 4 2 2 1 0 0 1 3 3 7
1 4 48 164 214 138 70 35 22 9 8 5 3 2 1 1 1 2 4 5
1 4 44 86 137 111 91 32 21 22 14 3 2 3 2 2 2 2 7 6
1 8 18 93 192 124 68 88 37 21 9 5 8 4 4 3 4 5 5 14
0 3 27 75 145 130 76 94 56 16 16 25 11 9 6 6 5 9 7 18
0 1 12 42 182 181 111 84 52 43 28 27 15 15 15 15 15 16 24 32
0 2 4 33 184 135 159 90 55 68 45 28 41 27 30 40 42 30 26 29
0 1 8 28 33 157 198 114 99 104 93 64 89 69 71 66 55 66 54 50
0 0 2 5 40 125 165 167 175 163 162 120 104 130 140 113 85 101 119 135
0 0 0 3 9 42 118 140 114 126 165 172 182 179 169 147 174 144 177 140
0 0 0 1 3 18 58 66 47 43 146 124 115 138 190 141 140 173 104 186
0 0 0 0 3 5 9 6 11 8 16 28 40 43 74 67 90 99 43 23
0 0 0 0 0 1 1 1 3 2 2 3 5 7 6 11 11 17 11 6
0 0 0 0 0 0 0 0 0 1 0 1 0 1 1 1 1 1 1 1
1 10 65 156 156 127 71 35 23 14 14 6 8 9 3 5 8 9 9 27
1 13 83 210 134 91 50 33 17 13 6 9 4 3 2 2 4 6 8 12
3 11 93 192 153 85 56 38 12 14 6 3 3 2 1 1 2 4 4 10
3 42 47 230 139 97 39 25 13 7 4 2 1 1 0 1 1 2 5 11
2 17 123 171 149 76 47 24 10 5 4 1 1 1 0 0 1 2 6 9
1 13 57 169 144 109 40 33 21 5 4 1 1 1 0 0 1 1 2 7
1 9 40 183 137 113 65 56 13 5 4 2 1 1 0 0 1 2 3 6
1 9 62 173 200 124 64 30 19 8 7 5 3 1 0 1 1 2 3 4
1 9 60 95 137 95 81 27 18 18 12 2 2 3 1 2 2 1 6 5
1 14 26 98 174 105 57 78 32 17 8 4 7 4 4 2 3 4 4 12
1 4 37 136 130 112 63 81 47 14 13 21 9 8 5 5 4 8 6 15
1 2 23 60 212 161 98 72 43 36 24 23 13 13 13 12 12 13 20 27
0 3 7 46 209 136 139 77 47 59 38 23 35 22 25 34 35 26 22 24
0 2 11 41 45 163 182 95 89 92 80 56 75 58 60 57 47 57 46 42
0 0 3 9 56 156 195 148 164 151 140 100 88 113 126 97 75 88 103 121
0 0 0 4 13 52 173 143 135 141 164 162 160 156 151 127 157 128 167 138
0 0 0 1 6 24 79 123 85 58 192 123 122 169 179 153 140 172 127 190
0 0 0 0 3 7 16 15 14 16 28 40 77 60 112 80 113 124 56 36
0 0 0 0 0 1 1 1 5 2 2 5 9 12 10 17 31 19 13 10
0 0 0 0 0 0 0 0 0 1 0 1 1 2 1 2 2 2 3 2
1 16 90 195 156 110 63 30 19 12 12 5 7 8 3 4 6 8 8 24
2 20 90 182 124 77 43 29 14 11 5 8 3 3 2 2 3 5 7 10
5 16 136 189 138 73 48 33 10 12 5 2 3 1 1 1 1 3 4 8
5 68 73 212 118 82 33 21 11 6 4 1 1 1 0 1 1 2 4 10
4 32 128 181 126 65 40 20 8 4 3 1 1 1 0 0 1 2 6 8
2 23 76 182 137 98 34 29 17 4 3 1 1 1 0 0 1 1 2 6
2 15 73 184 147 103 56 48 11 5 3 1 1 1 0 0 1 2 2 5
4 12 83 191 187 108 55 26 16 6 6 4 2 1 0 1 1 1 2 3
2 16 86 120 126 81 70 23 15 15 11 2 2 2 1 1 1 1 5 4
3 22 50 123 153 90 47 71 28 14 6 3 6 3 3 2 3 3 3 10
1 7 61 164 150 95 52 71 40 11 11 18 8 6 4 5 4 6 5 13
1 3 42 91 213 144 85 61 36 30 21 19 11 11 11 10 10 11 17 23
1 8 12 68 205 143 132 68 40 50 33 20 29 18 21 30 30 21 18 20
1 2 15 68 72 172 164 79 77 79 71 49 63 49 51 49 39 48 39 35
0 1 5 15 67 157 174 126 148 134 116 83 75 96 111 81 63 78 88 105
0 0 1 5 23 60 215 157 155 144 163 146 142 141 144 115 138 112 152 139
0 0 0 2 15 28 114 183 116 68 206 144 150 165 172 162 124 181 140 187
0 0 0 0 4 12 23 25 20 27 56 84 110 73 157 94 123 120 94 55
0 0 0 0 1 2 3 2 11 5 4 12 15 28 19 25 57 25 25 15
0 0 0 0 0 0 0 1 1 2 1 2 2 3 3 3 3 4 5 2
2 23 113 191 140 93 54 26 16 10 10 5 6 7 2 3 6 6 7 21
5 33 105 159 114 66 36 25 12 9 4 6 3 2 2 1 3 4 6 9
7 27 180 173 119 62 40 29 8 9 4 2 2 1 1 1 1 3 3 7
15 94 78 183 98 73 28 18 9 5 3 1 1 1 0 1 1 2 3 8
8 55 132 160 109 54 34 17 7 4 3 1 1 1 0 0 0 1 5 7
4 35 122 184 128 86 29 24 14 3 3 1 1 0 0 0 1 1 2 5
6 25 127 172 141 88 48 42 9 4 3 1 1 1 0 0 1 2 2 4
5 22 120 178 165 97 49 22 14 5 5 3 2 1 0 1 0 1 2 3
3 32 130 166 115 68 58 19 13 13 9 2 1 2 1 1 1 1 4 3
4 32 88 125 144 76 39 61 24 12 5 3 5 3 2 2 2 3 3 8
2 10 71 167 148 80 44 59 35 10 9 15 6 5 4 4 3 5 4 11
2 5 58 173 196 134 71 53 30 25 18 16 9 9 9 9 9 9 15 19
2 11 30 96 187 141 117 58 34 43 28 16 25 15 18 25 25 18 15 17
1 4 25 120 96 158 146 66 68 66 60 41 54 41 43 41 33 41 33 30
0 1 8 32 91 170 159 106 126 119 100 70 63 80 97 69 56 67 75 89
0 1 2 10 41 69 194 155 176 159 138 128 127 125 133 103 126 96 132 132
0 0 1 3 26 34 139 222 128 118 181 177 171 184 161 145 126 166 145 160
0 0 0 1 10 26 35 35 30 40 86 153 116 117 183 117 142 164 98 81
0 0 0 0 1 3 4 4 24 7 8 20 37 32 26 39 77 39 58 28
0 0 0 0 0 1 0 1 1 3 1 5 5 4 4 5 4 9 9 3
5 38 136 165 121 78 46 22 14 9 9 4 5 6 2 3 5 5 6 18
8 43 126 139 105 58 30 21 10 7 3 5 2 2 1 1 2 4 5 7
10 57 211 160 105 52 34 25 7 8 4 2 2 1 1 1 1 2 3 6
21 91 101 163 83 62 24 15 8 4 3 1 1 1 0 1 1 1 3 7
13 67 138 147 95 46 29 14 6 3 2 1 1 0 0 0 0 1 5 6
8 47 193 164 119 76 24 20 12 3 2 1 1 0 0 0 0 1 1 4
16 39 161 161 121 77 41 36 8 3 2 1 1 0 0 0 0 1 2 3
12 39 126 166 142 86 42 19 12 5 4 3 2 1 0 1 0 1 2 2
7 67 162 164 99 59 51 16 11 11 8 1 1 2 1 1 1 1 4 3
11 62 127 141 128 66 32 52 21 10 5 2 4 2 2 1 2 2 2 7
5 14 82 172 131 67 36 51 30 8 8 13 5 4 3 3 2 4 4 9
3 9 81 229 178 118 60 46 25 21 15 14 8 8 8 7 7 8 12 17
2 16 40 121 173 139 104 48 28 36 23 14 21 13 15 22 21 15 13 14
2 5 52 141 112 169 123 55 58 57 55 35 45 34 36 34 29 34 28 25
0 2 9 56 131 169 143 89 113 110 89 60 54 69 83 60 47 58 63 76
0 1 3 16 70 85 192 151 172 162 125 111 113 107 118 89 108 83 113 126
0 0 1 7 31 48 152 232 129 142 160 177 164 178 148 132 125 147 152 154
0 0 0 2 15 29 64 51 43 64 135 169 157 129 178 137 143 177 130 92
0 0 0 0 3 6 8 10 27 11 20 35 53 57 39 68 106 51 82 54
0 0 0 0 0 1 1 2 2 5 4 7 8 7 6 6 6 18 11 7
9 60 131 152 109 65 39 19 11 7 7 3 4 5 2 2 4 5 5 16
15 68 128 118 89 51 25 17 8 6 3 5 2 1 1 1 2 3 4 6
23 77 197 145 98 43 29 22 6 7 3 1 2 1 1 1 1 2 2 5
27 120 122 141 70 53 20 13 7 3 2 1 1 1 0 1 1 1 2 6
21 111 187 135 82 39 24 12 5 3 2 1 1 0 0 0 0 1 4 5
18 86 209 141 109 66 20 17 10 2 2 1 1 0 0 0 0 0 1 3
29 69 194 142 109 66 35 30 7 3 2 1 1 0 0 0 0 1 1 3
27 57 136 154 120 75 36 16 10 4 4 2 2 1 0 1 0 1 1 2
13 109 167 150 88 49 43 14 9 9 7 1 1 1 1 1 1 1 3 2
21 106 184 141 107 56 27 45 18 8 4 2 3 2 2 1 1 2 2 6
9 16 87 172 120 57 30 43 25 7 7 11 5 4 2 3 2 4 3 8
8 19 87 220 154 105 51 39 21 18 13 12 7 6 6 6 6 6 11 14
4 15 66 144 158 139 89 40 24 30 19 11 18 10 13 18 18 13 11 12
3 7 64 146 151 173 104 46 50 48 50 30 38 29 30 28 24 29 24 21
1 4 11 92 150 163 129 73 98 95 76 51 45 60 72 51 39 52 52 65
0 1 4 31 102 88 169 143 170 148 114 95 99 96 103 76 91 70 95 118
0 0 2 12 52 81 139 220 150 157 155 166 158 162 126 126 123 139 146 148
0 0 1 3 29 35 114 73 85 110 166 179 194 159 189 169 147 178 139 103
0 0 0 1 4 16 18 16 43 20 37 72 74 101 81 98 114 72 92 80
0 0 0 0 1 2 1 5 3 8 6 16 18 10 16 15 12 19 18 12
14 63 141 136 97 55 34 16 10 7 6 3 3 4 1 2 3 4 4 13
17 75 144 103 78 43 21 15 7 5 3 4 2 1 1 1 2 3 4 5
26 125 179 131 85 36 24 18 5 6 3 1 1 1 1 0 1 2 2 4
51 126 128 126 59 45 16 11 6 3 2 1 0 1 0 0 1 1 2 5
62 136 191 122 69 33 21 10 4 2 2 1 0 0 0 0 0 1 3 4
30 114 199 123 103 58 17 15 8 2 2 0 1 0 0 0 0 0 1 3
50 81 197 129 95 57 29 25 5 2 2 1 1 0 0 0 0 1 1 2
34 94 144 136 101 64 30 13 9 3 3 2 1 1 0 0 0 1 1 2
18 118 154 160 78 42 37 11 8 8 6 1 1 1 1 1 1 1 3 2
34 135 190 141 92 47 22 38 16 7 3 2 3 1 1 1 1 2 2 5
12 24 112 167 119 48 25 36 21 6 6 9 4 3 2 2 2 3 3 6
14 31 122 203 129 92 43 33 18 15 11 10 6 5 5 5 5 5 10 12
4 23 101 152 137 123 76 34 20 26 17 9 15 9 11 15 15 11 9 10
5 9 74 146 166 152 89 39 43 41 42 25 32 25 25 24 20 24 21 17
1 5 13 108 146 158 117 62 83 82 63 42 38 51 61 42 33 45 44 55
1 2 6 52 125 102 151 145 162 138 107 79 83 86 89 65 77 60 83 115
0 0 3 22 70 87 149 196 168 164 136 147 153 138 112 119 118 122 142 130
0 0 1 5 39 62 185 91 119 114 192 183 187 164 182 159 169 172 148 154
0 0 0 2 6 35 22 24 65 25 55 109 93 156 141 136 130 77 112 127
0 0 0 0 1 3 3 8 7 16 13 20 24 20 30 21 19 22 25 21
21 73 151 120 85 47 30 14 8 6 5 2 3 3 1 2 3 3 3 11
20 112 158 89 66 37 17 12 6 4 2 3 1 1 1 1 1 2 3 4
33 155 168 121 76 30 21 16 4 5 2 1 1 1 1 0 1 1 1 3
65 125 150 108 50 38 14 9 5 2 2 1 0 0 0 0 0 1 2 4
89 150 183 109 59 27 17 8 3 2 1 0 0 0 0 0 0 1 3 4
36 136 179 115 91 50 14 12 7 2 1 0 0 0 0 0 0 0 1 2
72 106 182 114 81 47 25 21 5 2 1 1 0 0 0 0 0 1 1 2
61 120 150 122 84 56 26 11 7 3 3 2 1 0 0 0 0 0 1 1
43 153 164 156 71 35 31 10 6 7 5 1 1 1 0 1 1 0 2 2
55 192 167 139 78 39 18 33 13 6 3 1 2 1 1 1 1 1 1 4
20 41 140 154 111 40 21 30 18 5 5 8 3 3 2 2 1 3 2 5
27 42 132 182 113 79 36 29 15 13 9 9 5 5 4 4 4 5 8 10
6 40 166 150 118 119 65 29 16 22 14 8 13 7 9 13 13 9 7 8
6 14 119 162 193 137 75 33 36 36 36 21 26 21 21 20 17 20 18 15
2 8 22 120 157 138 103 51 71 70 53 35 32 43 51 36 28 39 36 48
1 3 11 91 123 100 131 130 139 121 95 67 71 73 78 55 65 50 70 103
0 1 5 38 72 112 140 177 149 170 125 138 150 126 98 107 101 107 141 111
0 0 2 7 59 82 171 120 161 157 185 181 180 188 165 156 156 153 137 196
0 0 0 4 13 56 28 35 80 36 82 149 116 176 143 137 140 101 139 137
0 0 0 1 2 5 7 16 12 33 16 34 38 39 54 31 27 30 43 22
37 88 142 101 73 39 26 11 7 5 4 2 3 3 1 1 2 3 3 10
34 147 166 77 56 32 14 11 5 4 2 3 1 1 1 1 1 2 3 4
42 172 154 105 65 25 17 13 3 4 2 1 1 0 0 0 1 1 1 3
91 148 172 91 42 32 11 8 4 2 1 0 0 0 0 0 0 1 2 3
138 143 164 97 50 23 14 7 3 1 1 0 0 0 0 0 0 1 3 3
58 169 162 100 79 43 12 10 6 1 1 0 0 0 0 0 0 0 1 2
87 135 176 98 68 40 21 18 4 2 1 0 0 0 0 0 0 1 1 2
65 130 156 104 71 47 22 9 6 2 2 1 1 0 0 0 0 0 1 1
60 177 142 144 62 29 27 8 5 6 4 1 1 1 0 1 0 0 2 1
64 196 172 129 68 33 15 28 11 5 2 1 2 1 1 1 1 1 1 4
20 59 151 132 102 34 17 25 15 4 4 6 3 2 1 2 1 2 2 4
36 50 138 169 100 69 30 24 12 11 8 7 4 4 4 3 3 4 7 8
16 87 169 148 99 111 57 24 14 18 12 6 11 6 8 11 11 7 6 7
11 26 143 176 192 120 66 27 31 31 30 18 22 18 17 17 14 17 15 12
4 19 35 165 150 121 88 43 59 62 45 30 26 37 43 30 24 33 30 41
2 4 16 99 148 105 118 122 126 111 86 56 62 62 68 45 56 42 59 86
0 1 11 39 108 147 135 152 144 155 112 118 134 111 85 99 91 90 126 95
0 1 3 14 83 97 185 118 169 188 191 176 170 168 161 148 144 133 139 184
0 0 0 7 20 78 50 56 95 41 102 182 136 173 152 138 166 102 190 146
0 0 0 1 4 8 11 18 18 46 28 65 69 86 92 45 39 51 75 29
53 87 133 90 64 33 22 10 5 4 4 2 2 3 1 1 2 3 2 9
86 155 164 67 47 27 12 9 4 3 2 2 1 1 1 0 1 2 2 3
73 209 139 93 55 21 14 11 3 3 2 1 1 0 0 0 0 1 1 2
101 152 189 77 36 27 9 7 3 2 1 0 0 0 0 0 0 1 1 3
178 171 151 86 42 19 12 6 2 1 1 0 0 0 0 0 0 0 2 3
93 192 147 91 68 36 10 9 5 1 1 0 0 0 0 0 0 0 1 2
112 136 161 83 58 34 17 15 3 1 1 0 0 0 0 0 0 1 1 1
103 152 149 87 60 40 18 8 5 2 2 1 1 0 0 0 0 0 1 1
109 194 145 130 55 25 23 7 5 5 4 1 0 1 0 0 0 0 2 1
95 197 172 113 59 28 12 24 9 4 2 1 2 1 1 1 1 1 1 3
21 66 150 114 89 28 14 21 13 3 3 5 2 2 1 1 1 2 1 4
74 75 140 147 86 58 25 21 10 9 7 6 3 3 3 3 3 3 6 7
23 129 192 144 82 93 49 20 11 16 10 5 10 5 6 9 9 6 5 6
18 36 158 156 178 103 56 23 26 27 26 15 19 15 14 15 12 14 13 10
6 40 51 162 161 105 76 35 50 53 37 24 22 32 37 25 20 29 25 35
4 9 29 136 181 123 100 110 111 102 75 47 53 51 58 39 48 35 52 75
1 2 16 52 121 162 125 127 141 140 101 104 114 98 72 85 81 77 114 83
0 1 5 29 119 133 198 128 177 209 178 159 157 149 142 136 136 115 126 163
0 0 1 12 36 94 79 95 124 72 124 206 152 184 140 144 161 122 195 178
0 0 1 3 9 12 19 27 24 57 50 84 110 116 152 58 78 66 86 41
60 99 133 78 55 28 18 8 5 4 3 1 2 2 1 1 2 2 2 8
117 170 151 56 39 23 10 8 3 3 1 2 1 1 0 0 1 1 2 3
102 223 120 80 48 18 12 10 2 3 1 1 1 0 0 0 0 1 1 2
97 137 189 65 30 23 8 6 3 1 1 0 0 0 0 0 0 0 1 2
167 193 132 75 36 16 10 5 2 1 1 0 0 0 0 0 0 0 2 2
177 166 127 80 59 31 8 7 4 1 1 0 0 0 0 0 0 0 0 1
136 150 142 71 49 29 14 13 3 1 1 0 0 0 0 0 0 1 1 1
115 205 132 75 50 33 16 6 4 2 2 1 1 0 0 0 0 0 1 1
134 186 139 114 47 21 19 6 4 4 3 1 0 1 0 0 0 0 1 1
97 189 157 106 50 24 10 20 8 4 2 1 1 1 1 0 1 1 1 3
35 98 133 107 77 23 12 18 11 3 3 5 2 2 1 1 1 1 1 3
100 103 154 129 72 49 21 18 9 7 5 5 3 3 3 2 2 3 5 6
28 143 198 142 70 82 42 17 10 13 8 4 8 4 5 8 7 5 4 5
37 51 162 133 166 87 47 19 22 23 22 13 15 12 12 13 10 12 11 8
8 56 69 182 147 88 66 29 42 45 30 20 19 26 32 21 17 25 21 30
7 15 49 156 172 121 85 95 95 88 64 40 46 44 50 33 40 30 44 66
1 3 19 58 171 187 117 106 137 136 85 89 99 85 61 75 71 65 99 71
1 2 6 45 124 168 199 146 193 217 160 142 141 143 125 121 120 102 130 147
0 0 2 24 60 128 98 102 155 85 138 211 167 185 161 130 145 110 175 183
0 0 2 4 11 20 26 27 30 70 68 135 134 164 173 96 137 77 112 52
75 110 123 66 48 24 16 7 4 3 3 1 1 2 1 1 1 2 2 7
154 201 135 47 34 20 8 7 3 2 1 2 1 1 0 0 1 1 2 2
126 201 103 68 41 15 10 8 2 2 1 1 1 0 0 0 0 1 1 2
111 124 168 54 25 20 7 5 2 1 1 0 0 0 0 0 0 0 1 2
219 180 113 65 30 14 8 4 2 1 1 0 0 0 0 0 0 0 2 2
202 174 114 66 50 26 7 6 3 1 1 0 0 0 0 0 0 0 0 1
142 156 121 61 41 24 12 11 2 1 1 0 0 0 0 0 0 0 0 1
128 206 123 63 42 28 14 5 4 1 1 1 1 0 0 0 0 0 0 1
155 179 124 101 42 17 16 5 3 4 3 0 0 1 0 0 0 0 1 1
129 179 141 100 42 20 9 17 7 3 1 1 1 1 1 0 0 1 1 2
43 132 119 95 66 20 10 15 9 2 2 4 2 1 1 1 1 1 1 3
130 126 157 112 61 41 17 15 7 6 5 5 2 2 2 2 2 2 4 5
42 167 185 133 61 72 35 14 8 11 7 4 7 3 4 7 6 4 4 4
60 79 183 127 148 74 39 16 19 19 19 11 13 10 10 11 9 10 9 7
15 68 97 183 131 74 60 24 35 39 26 17 16 23 27 17 14 21 17 25
16 27 62 161 162 129 72 82 82 75 55 34 38 38 43 27 34 25 36 58
2 6 35 81 181 194 108 89 126 117 73 77 88 78 54 67 61 55 83 63
1 2 8 59 163 188 176 147 176 193 143 125 125 125 110 111 104 93 120 136
0 0 5 59 72 138 114 123 155 110 154 188 168 176 148 118 130 131 168 165
0 0 3 7 25 31 31 28 57 88 106 173 150 161 238 119 142 105 179 72
82 108 111 55 42 20 14 6 3 3 2 1 1 2 0 1 1 2 1 6
152 175 116 40 29 16 7 6 2 2 1 1 1 0 0 0 1 1 1 2
169 177 89 58 35 12 8 7 2 2 1 0 1 0 0 0 0 1 1 1
150 123 142 45 21 17 6 4 2 1 1 0 0 0 0 0 0 0 1 2
209 161 97 55 25 11 7 3 1 1 1 0 0 0 0 0 0 0 1 2
216 177 105 58 42 22 6 5 3 1 1 0 0 0 0 0 0 0 0 1
170 160 108 53 34 21 10 9 2 1 1 0 0 0 0 0 0 0 0 1
145 179 113 53 34 25 11 5 3 1 1 1 0 0 0 0 0 0 0 1
158 156 111 85 37 15 14 4 3 3 3 0 0 0 0 0 0 0 1 1
165 160 132 88 35 17 7 15 6 3 1 1 1 1 1 0 0 1 0 2
52 160 124 82 55 16 8 12 8 2 2 3 1 1 1 1 1 1 1 2
130 135 155 95 51 34 15 12 6 5 4 4 2 2 2 2 2 2 4 4
69 184 158 122 53 61 30 12 7 9 6 3 6 3 4 6 5 4 3 3
104 109 187 119 133 62 33 13 17 17 16 9 11 9 8 9 7 9 8 6
24 75 100 177 118 65 51 20 30 33 22 14 13 19 23 15 12 18 14 21
31 48 61 179 160 132 60 69 70 64 47 28 33 32 37 23 29 21 30 50
3 9 43 110 192 186 99 74 113 107 65 66 77 67 45 60 52 47 70 53
2 4 16 86 174 179 149 146 166 174 122 109 109 109 92 99 87 82 117 118
0 1 7 69 95 156 126 143 162 131 161 168 165 166 143 118 134 131 159 148
0 0 4 13 32 43 46 38 71 116 135 176 199 188 236 130 156 130 213 98
98 137 97 47 35 17 12 5 3 2 2 1 1 1 0 1 1 1 1 5
167 163 100 33 24 13 6 5 2 2 1 1 1 0 0 0 0 1 1 2
182 151 75 49 30 10 7 6 1 2 1 0 0 0 0 0 0 0 0 1
157 119 121 38 17 14 5 3 2 1 1 0 0 0 0 0 0 0 1 1
187 140 83 47 21 9 6 3 1 1 0 0 0 0 0 0 0 0 1 1
212 157 92 50 35 18 5 4 2 0 0 0 0 0 0 0 0 0 0 1
178 158 94 45 30 18 9 8 2 1 0 0 0 0 0 0 0 0 0 1
156 156 102 44 28 21 10 4 3 1 1 1 0 0 0 0 0 0 0 1
176 140 98 72 32 12 12 3 2 3 2 0 0 0 0 0 0 0 1 1
183 138 113 75 30 14 6 13 5 2 1 0 1 0 0 0 0 0 0 1
64 157 115 70 49 14 7 10 7 2 2 3 1 1 1 1 0 1 1 2
152 133 137 80 42 29 12 11 5 4 3 3 2 2 2 1 1 2 3 3
93 177 148 110 45 54 25 10 6 8 5 3 5 2 3 5 4 3 3 3
133 135 162 106 115 52 27 11 14 14 14 8 9 7 7 8 6 7 7 5
34 103 97 155 114 55 42 17 25 28 18 12 11 16 19 12 10 15 12 18
37 66 68 165 149 119 51 57 60 55 40 23 28 27 31 19 24 18 26 45
7 18 53 133 173 158 93 62 102 100 59 57 65 59 38 50 44 39 59 45
3 5 30 92 179 157 131 136 152 149 111 96 94 95 78 86 75 70 102 114
1 1 12 93 136 153 150 159 151 142 157 147 166 148 147 115 122 135 147 142
0 1 5 20 52 70 66 48 122 153 188 190 203 188 212 144 189 150 213 114
121 168 95 40 30 14 10 4 2 2 2 1 1 1 0 0 1 1 1 4
177 146 85 28 20 11 5 4 2 1 1 1 0 0 0 0 0 1 1 1
192 128 63 42 26 8 6 5 1 1 1 0 0 0 0 0 0 0 0 1
162 110 102 32 14 12 4 3 1 1 0 0 0 0 0 0 0 0 1 1
166 122 70 39 18 8 5 2 1 0 0 0 0 0 0 0 0 0 1 1
185 140 78 43 30 15 4 4 2 0 0 0 0 0 0 0 0 0 0 1
179 157 81 38 25 15 7 7 1 1 0 0 0 0 0 0 0 0 0 1
182 137 91 38 24 18 8 3 2 1 1 1 0 0 0 0 0 0 0 0
162 124 85 63 28 10 10 3 2 2 2 0 0 0 0 0 0 0 1 0
178 118 98 66 25 12 5 11 4 2 1 0 1 0 0 0 0 0 0 1
85 161 103 61 42 11 6 9 6 1 1 2 1 1 0 1 0 1 1 2
177 143 130 68 35 24 10 9 4 4 3 3 1 1 1 1 1 1 3 3
135 167 134 98 38 47 21 8 5 7 4 2 4 2 3 4 4 3 2 2
150 150 142 93 97 44 23 9 12 12 12 7 8 6 6 6 5 6 6 4
48 159 119 135 103 47 37 14 21 24 15 10 9 14 16 10 8 13 10 15
42 111 106 155 133 116 44 49 51 47 35 19 24 23 26 16 20 15 22 40
10 22 65 163 168 138 84 52 91 86 51 49 58 51 33 44 37 33 50 38
6 6 51 130 179 137 112 139 134 124 94 84 81 85 65 75 67 60 90 101
1 2 19 89 149 153 146 168 150 182 160 135 147 130 130 118 109 120 125 136
0 1 7 28 55 118 80 66 145 149 204 190 188 177 188 159 201 144 189 135
141 171 87 34 25 12 9 4 2 2 1 1 1 1 0 0 1 1 1 4
180 130 74 23 17 9 4 3 1 1 1 1 0 0 0 0 0 1 1 1
183 110 53 36 22 7 5 5 1 1 1 0 0 0 0 0 0 0 0 1
151 102 87 27 12 10 3 2 1 1 0 0 0 0 0 0 0 0 0 1
147 108 58 34 15 7 4 2 1 0 0 0 0 0 0 0 0 0 1 1
175 119 66 36 25 13 3 3 2 0 0 0 0 0 0 0 0 0 0 1
160 139 69 32 21 13 6 6 1 0 0 0 0 0 0 0 0 0 0 1
159 121 79 32 20 15 7 3 2 1 1 0 0 0 0 0 0 0 0 0
146 112 72 53 23 8 8 2 2 2 2 0 0 0 0 0 0 0 1 0
152 103 84 58 21 10 4 9 4 2 1 0 1 0 0 0 0 0 0 1
120 145 93 51 35 9 5 7 5 1 1 2 1 1 0 0 0 1 1 1
161 153 118 57 29 21 8 8 4 3 2 3 1 1 1 1 1 1 2 2
185 157 119 85 32 40 18 7 4 6 3 2 3 2 2 3 3 2 2 2
175 192 126 81 83 38 19 7 10 10 10 5 6 5 5 5 4 5 5 3
66 180 115 116 89 40 32 12 18 20 12 8 8 12 14 9 7 11 8 13
44 124 112 144 117 103 37 41 43 39 30 16 21 19 22 14 17 13 18 34
15 39 80 173 148 116 73 43 78 75 43 41 50 43 28 39 32 28 42 32
9 12 78 131 162 127 93 128 114 104 81 72 67 75 55 66 58 53 78 87
2 3 25 127 174 147 167 157 134 185 139 118 133 116 114 113 102 121 110 123
1 2 16 31 69 133 100 109 149 156 205 187 170 168 163 154 187 141 177 141
161 149 76 29 22 10 7 3 2 1 1 0 1 1 0 0 1 1 1 3
173 114 63 20 14 8 3 3 1 1 0 1 0 0 0 0 0 1 1 1
169 92 45 31 19 6 4 4 1 1 0 0 0 0 0 0 0 0 0 1
141 91 74 23 10 8 3 2 1 0 0 0 0 0 0 0 0 0 0 1
129 90 49 29 13 6 3 2 1 0 0 0 0 0 0 0 0 0 1 1
158 102 56 30 21 11 3 3 1 0 0 0 0 0 0 0 0 0 0 0
149 124 59 27 17 11 5 5 1 0 0 0 0 0 0 0 0 0 0 0
148 107 71 27 16 12 6 2 2 1 1 0 0 0 0 0 0 0 0 0
138 98 61 45 20 7 7 2 1 1 1 0 0 0 0 0 0 0 0 0
153 88 71 50 17 8 3 8 3 1 1 0 1 0 0 0 0 0 0 1
191 140 84 44 30 8 4 6 4 1 1 2 1 1 0 0 0 0 0 1
152 170 103 48 25 17 7 7 3 3 2 2 1 1 1 1 1 1 2 2
193 146 100 74 28 35 15 6 3 5 3 2 3 1 2 3 3 2 2 2
177 199 107 72 70 32 16 6 8 8 9 4 5 4 4 4 4 4 4 3
77 181 133 100 76 35 27 10 15 17 10 7 6 10 12 7 6 9 7 11
49 143 131 127 102 93 31 37 36 33 25 13 17 16 19 11 14 10 15 29
24 54 88 162 128 100 64 36 67 64 37 35 42 38 24 33 27 23 37 27
11 20 90 139 145 114 82 115 100 88 70 61 58 66 46 56 49 45 70 76
4 5 42 150 162 134 164 162 116 170 139 104 118 98 102 104 90 110 95 104
2 5 21 55 92 176 108 123 156 146 191 178 144 160 141 169 181 147 158 163
173 131 64 24 19 8 6 3 1 1 1 0 1 1 0 0 0 1 1 3
160 95 54 16 12 7 3 2 1 1 0 1 0 0 0 0 0 0 1 1
162 77 39 26 16 5 3 3 1 1 0 0 0 0 0 0 0 0 0 1
132 82 63 19 8 7 2 2 1 0 0 0 0 0 0 0 0 0 0 1
111 77 40 24 11 5 3 1 1 0 0 0 0 0 0 0 0 0 1 1
132 88 47 26 18 9 2 2 1 0 0 0 0 0 0 0 0 0 0 0
131 104 51 23 14 10 4 4 1 0 0 0 0 0 0 0 0 0 0 0
135 93 60 23 14 11 5 2 1 0 0 0 0 0 0 0 0 0 0 0
135 84 52 38 17 6 6 2 1 1 1 0 0 0 0 0 0 0 0 0
141 74 60 42 15 7 3 6 3 1 0 0 0 0 0 0 0 0 0 1
189 122 78 37 25 7 3 5 4 1 1 1 1 1 0 0 0 0 0 1
152 161 90 40 20 15 6 5 2 2 2 2 1 1 1 1 1 1 2 2
208 131 86 65 24 30 13 5 3 4 2 1 2 1 2 2 2 2 1 1
189 184 93 62 59 27 13 5 7 7 7 4 4 4 3 4 3 4 4 2
108 175 149 86 64 30 23 8 13 14 9 6 5 8 10 6 5 8 6 9
105 147 156 110 86 83 27 31 31 28 21 11 15 14 16 9 12 9 13 25
38 77 99 178 112 88 55 30 56 56 33 29 35 32 20 28 22 20 32 23
24 28 129 153 129 103 73 100 85 74 58 51 49 56 39 50 42 38 61 66
4 9 76 151 163 124 147 147 105 151 124 88 103 82 91 93 79 102 79 92
4 7 28 71 133 227 129 117 160 150 180 155 128 136 118 158 159 153 140 165
181 127 56 20 16 7 5 2 1 1 1 0 0 1 0 0 0 1 1 2
146 83 46 14 10 6 2 2 1 1 0 1 0 0 0 0 0 0 0 1
139 65 33 21 14 4 3 3 1 1 0 0 0 0 0 0 0 0 0 1
124 70 54 16 7 6 2 1 1 0 0 0 0 0 0 0 0 0 0 1
93 66 34 21 9 4 3 1 0 0 0 0 0 0 0 0 0 0 1 1
113 75 39 22 15 8 2 2 1 0 0 0 0 0 0 0 0 0 0 0
116 97 43 19 12 8 4 3 1 0 0 0 0 0 0 0 0 0 0 0
129 85 51 20 11 9 4 2 1 0 0 0 0 0 0 0 0 0 0 0
117 74 45 31 15 5 5 1 1 1 1 0 0 0 0 0 0 0 0 0
132 63 50 36 12 6 2 5 2 1 0 0 0 0 0 0 0 0 0 1
179 111 68 32 21 5 3 4 3 1 1 1 1 0 0 0 0 0 0 1
140 141 78 34 17 13 5 5 2 2 1 2 1 1 1 1 1 1 1 1
210 114 73 56 20 26 11 4 2 4 2 1 2 1 1 2 2 1 1 1
182 168 83 55 48 23 11 4 6 6 7 3 4 3 3 3 2 3 3 2
159 169 160 74 54 26 19 7 11 12 7 5 4 7 8 5 4 7 5 8
151 159 175 98 75 72 22 26 26 23 18 9 12 11 14 8 10 7 11 21
43 130 111 162 98 76 48 25 49 48 28 25 29 27 17 24 19 16 27 19
51 38 146 160 112 93 63 87 73 62 49 42 42 48 32 43 36 33 53 57
9 16 115 161 152 119 135 131 96 134 110 76 88 68 79 83 69 90 67 81
9 14 29 84 205 228 152 132 150 147 166 131 117 115 98 136 137 140 120 153
161 109 49 17 13 6 5 2 1 1 1 0 0 0 0 0 0 1 0 2
126 71 39 12 9 5 2 2 1 1 0 1 0 0 0 0 0 0 0 1
121 54 27 18 12 3 2 2 0 1 0 0 0 0 0 0 0 0 0 0
112 60 45 13 6 5 2 1 1 0 0 0 0 0 0 0 0 0 0 0
79 56 28 17 8 3 2 1 0 0 0 0 0 0 0 0 0 0 0 0
95 63 34 19 13 6 2 2 1 0 0 0 0 0 0 0 0 0 0 0
100 84 36 16 10 7 3 3 1 0 0 0 0 0 0 0 0 0 0 0
117 71 43 17 10 8 3 1 1 0 0 0 0 0 0 0 0 0 0 0
111 64 39 27 13 4 4 1 1 1 1 0 0 0 0 0 0 0 0 0
116 53 42 31 10 5 2 5 2 1 0 0 0 0 0 0 0 0 0 0
167 103 59 27 18 4 2 3 3 1 1 1 0 0 0 0 0 0 0 1
128 129 66 28 14 11 4 4 2 2 1 1 1 1 1 0 0 1 1 1
180 103 62 49 16 22 9 3 2 3 2 1 2 1 1 2 2 1 1 1
158 149 73 48 40 19 9 4 5 5 6 3 3 3 2 3 2 3 3 2
196 151 149 64 47 22 16 5 9 10 6 4 4 6 7 4 4 6 4 6
159 172 153 85 65 64 19 23 22 19 15 8 10 10 12 7 8 6 9 18
64 136 112 151 84 64 44 21 41 41 24 21 24 23 14 21 16 14 23 16
60 41 157 161 99 85 53 79 62 52 42 36 35 41 27 37 30 28 46 49
22 28 131 155 140 109 125 114 86 129 98 64 74 57 70 75 59 79 57 70
13 17 39 118 196 199 145 139 163 134 138 112 102 96 85 124 117 127 103 147
144 97 42 14 11 5 4 2 1 1 1 0 0 0 0 0 0 0 0 2
107 60 33 10 7 4 2 1 1 0 0 0 0 0 0 0 0 0 0 0
105 46 23 15 10 3 2 2 0 0 0 0 0 0 0 0 0 0 0 0
98 52 38 11 5 4 1 1 1 0 0 0 0 0 0 0 0 0 0 0
67 48 23 14 7 3 2 1 0 0 0 0 0 0 0 0 0 0 0 0
82 53 29 16 11 5 1 1 1 0 0 0 0 0 0 0 0 0 0 0
88 70 30 13 9 6 3 2 1 0 0 0 0 0 0 0 0 0 0 0
104 62 37 14 8 6 3 1 1 0 0 0 0 0 0 0 0 0 0 0
97 55 33 23 11 3 4 1 1 1 1 0 0 0 0 0 0 0 0 0
104 45 35 27 9 4 2 4 2 1 0 0 0 0 0 0 0 0 0 0
170 97 53 23 15 4 2 3 2 0 0 1 0 0 0 0 0 0 0 1
110 112 58 24 12 9 3 3 1 1 1 1 0 0 1 0 0 0 1 1
156 87 53 41 14 19 8 3 2 3 1 1 1 1 1 1 1 1 1 1
144 130 63 40 33 16 8 3 4 4 5 2 3 2 2 2 2 2 2 1
194 138 149 55 40 19 15 5 8 9 5 3 3 5 6 4 3 5 3 5
155 166 134 72 55 54 16 19 18 16 13 6 9 8 10 6 7 5 8 15
83 136 128 130 69 55 37 17 35 36 20 18 20 20 12 17 13 11 19 13
87 52 159 147 86 74 44 67 52 43 36 30 29 36 23 31 25 24 41 42
34 44 174 168 120 96 108 100 81 113 84 54 61 48 60 66 50 71 49 60
14 23 62 120 176 175 153 142 147 126 117 95 87 83 71 114 101 111 87 139
126 87 37 12 9 4 3 1 1 1 0 0 0 0 0 0 0 0 0 1
90 52 28 8 6 3 1 1 0 0 0 0 0 0 0 0 0 0 0 0
90 39 19 13 8 2 2 2 0 0 0 0 0 0 0 0 0 0 0 0
85 46 32 9 4 3 1 1 0 0 0 0 0 0 0 0 0 0 0 0
57 41 19 12 5 2 1 1 0 0 0 0 0 0 0 0 0 0 0 0
68 44 24 13 9 5 1 1 1 0 0 0 0 0 0 0 0 0 0 0
75 58 26 11 7 5 2 2 0 0 0 0 0 0 0 0 0 0 0 0
87 52 31 12 7 5 2 1 1 0 0 0 0 0 0 0 0 0 0 0
85 47 29 19 9 3 3 1 1 1 1 0 0 0 0 0 0 0 0 0
91 38 30 24 7 3 1 3 1 1 0 0 0 0 0 0 0 0 0 0
152 85 46 20 13 3 2 2 2 0 0 1 0 0 0 0 0 0 0 0
99 96 50 20 10 8 3 3 1 1 1 1 0 0 0 0 0 0 1 1
139 74 46 35 11 16 7 2 1 2 1 1 1 1 1 1 1 1 1 1
126 116 54 33 27 14 6 2 4 4 4 2 2 2 2 2 1 2 2 1
199 123 139 47 34 16 12 4 6 7 4 3 3 4 5 3 3 4 3 5
138 153 123 63 47 46 13 17 15 14 11 5 8 7 8 5 6 4 6 13
146 155 125 110 60 46 32 14 29 31 17 16 17 17 10 15 11 10 16 11
124 68 153 131 76 63 37 58 43 36 30 26 24 31 19 27 21 20 36 36
77 64 170 165 111 88 96 87 71 98 74 45 51 40 52 57 42 63 41 51
23 32 88 136 179 154 149 130 131 109 100 80 72 73 61 106 84 95 75 127
113 74 32 10 8 4 3 1 1 0 0 0 0 0 0 0 0 0 0 1
76 44 23 7 5 3 1 1 0 0 0 0 0 0 0 0 0 0 0 0
76 33 16 11 7 2 1 2 0 0 0 0 0 0 0 0 0 0 0 0
71 38 27 8 4 3 1 1 0 0 0 0 0 0 0 0 0 0 0 0
48 35 16 10 4 2 1 1 0 0 0 0 0 0 0 0 0 0 0 0
57 36 20 11 8 4 1 1 0 0 0 0 0 0 0 0 0 0 0 0
66 49 22 9 6 4 2 2 0 0 0 0 0 0 0 0 0 0 0 0
76 44 27 10 5 5 2 1 1 0 0 0 0 0 0 0 0 0 0 0
72 39 24 16 8 2 3 1 0 1 1 0 0 0 0 0 0 0 0 0
79 32 25 20 6 3 1 3 1 0 0 0 0 0 0 0 0 0 0 0
137 74 41 17 11 3 1 2 2 0 0 1 0 0 0 0 0 0 0 0
84 84 43 17 8 7 2 2 1 1 1 1 0 0 0 0 0 0 1 1
118 63 39 29 10 13 6 2 1 2 1 0 1 0 1 1 1 1 1 1
110 104 44 28 23 12 5 2 3 3 3 2 2 1 1 1 1 2 2 1
180 112 121 39 29 14 10 3 5 6 3 2 2 3 4 2 2 4 2 4
139 142 112 55 39 40 11 14 13 11 9 4 6 6 7 4 5 4 5 11
212 162 118 92 51 39 27 12 25 26 14 13 15 14 8 13 9 8 14 9
145 100 143 112 66 55 31 50 36 30 26 21 20 26 16 23 19 17 31 31
109 94 173 149 102 78 81 78 61 83 61 38 43 33 45 48 36 57 35 42
30 43 114 138 161 135 135 141 116 97 86 66 61 62 50 91 73 83 63 115
96 61 27 8 6 3 3 1 0 0 0 0 0 0 0 0 0 0 0 1
64 37 20 6 4 2 1 1 0 0 0 0 0 0 0 0 0 0 0 0
64 27 13 9 6 2 1 1 0 0 0 0 0 0 0 0 0 0 0 0
62 32 22 6 3 2 1 1 0 0 0 0 0 0 0 0 0 0 0 0
40 30 13 9 4 2 1 0 0 0 0 0 0 0 0 0 0 0 0 0
48 30 17 10 6 3 1 1 0 0 0 0 0 0 0 0 0 0 0 0
55 41 18 8 5 3 2 1 0 0 0 0 0 0 0 0 0 0 0 0
66 37 23 8 5 4 2 1 0 0 0 0 0 0 0 0 0 0 0 0
65 33 20 14 7 2 2 1 0 0 0 0 0 0 0 0 0 0 0 0
67 27 21 17 5 2 1 2 1 0 0 0 0 0 0 0 0 0 0 0
116 66 36 14 9 2 1 2 1 0 0 0 0 0 0 0 0 0 0 0
73 72 37 14 7 6 2 2 1 1 1 1 0 0 0 0 0 0 1 1
101 53 33 25 8 11 5 2 1 1 1 0 1 0 1 1 1 1 0 0
94 90 38 24 19 10 4 2 3 3 3 1 1 1 1 1 1 1 1 1
162 97 104 34 24 11 9 3 4 5 3 2 2 3 3 2 2 3 2 3
136 131 107 46 33 36 9 11 11 9 8 4 5 5 6 3 4 3 4 10
185 161 134 78 44 33 23 10 21 22 12 11 12 11 7 11 8 7 12 8
163 117 141 101 55 48 26 43 30 25 21 18 17 22 14 20 16 14 26 26
121 125 169 127 89 68 71 68 51 69 52 32 36 27 38 42 31 50 29 36
40 65 154 154 143 116 118 139 100 83 72 55 52 53 42 78 63 73 52 99
84 51 23 7 5 3 2 1 0 0 0 0 0 0 0 0 0 0 0 1
54 31 16 5 4 2 1 1 0 0 0 0 0 0 0 0 0 0 0 0
53 23 11 8 5 1 1 1 0 0 0 0 0 0 0 0 0 0 0 0
53 27 19 5 3 2 1 1 0 0 0 0 0 0 0 0 0 0 0 0
33 25 11 7 3 1 1 0 0 0 0 0 0 0 0 0 0 0 0 0
41 25 14 8 6 3 1 1 0 0 0 0 0 0 0 0 0 0 0 0
46 35 15 7 5 3 1 1 0 0 0 0 0 0 0 0 0 0 0 0
56 32 19 7 4 3 2 1 0 0 0 0 0 0 0 0 0 0 0 0
56 27 18 11 6 2 2 1 0 0 0 0 0 0 0 0 0 0 0 0
56 22 18 14 4 2 1 2 1 0 0 0 0 0 0 0 0 0 0 0
101 61 31 12 8 2 1 1 1 0 0 0 0 0 0 0 0 0 0 0
62 62 31 12 6 5 2 2 1 1 1 1 0 0 0 0 0 0 1 1
85 45 28 21 7 10 4 1 1 1 1 0 1 0 0 1 1 0 0 0
80 77 32 20 16 8 4 1 2 2 2 1 1 1 1 1 1 1 1 1
141 84 90 28 20 9 7 2 4 4 2 2 1 2 3 2 1 3 2 3
134 113 97 41 28 32 8 10 9 8 6 3 5 4 5 3 3 2 4 8
179 161 130 68 36 28 19 8 18 18 10 9 10 9 6 9 7 6 10 7
173 138 130 88 47 40 22 37 25 21 18 15 14 19 11 17 13 12 23 22
157 140 153 109 78 59 62 60 44 58 46 27 30 23 33 37 27 44 25 30
67 104 156 156 126 98 110 125 92 72 61 46 44 44 36 66 53 67 44 85
73 43 20 6 5 2 2 1 0 0 0 0 0 0 0 0 0 0 0 1
45 26 14 4 3 2 1 1 0 0 0 0 0 0 0 0 0 0 0 0
44 19 9 6 4 1 1 1 0 0 0 0 0 0 0 0 0 0 0 0
46 23 15 5 2 2 1 0 0 0 0 0 0 0 0 0 0 0 0 0
27 21 9 6 3 1 1 0 0 0 0 0 0 0 0 0 0 0 0 0
34 21 12 7 5 2 1 1 0 0 0 0 0 0 0 0 0 0 0 0
39 29 13 6 4 2 1 1 0 0 0 0 0 0 0 0 0 0 0 0
47 26 17 6 3 3 1 1 0 0 0 0 0 0 0 0 0 0 0 0
48 23 15 10 5 1 2 0 0 0 0 0 0 0 0 0 0 0 0 0
47 19 15 12 3 2 1 2 1 0 0 0 0 0 0 0 0 0 0 0
86 54 27 10 7 1 1 1 1 0 0 0 0 0 0 0 0 0 0 0
53 52 26 10 5 4 1 1 1 1 0 1 0 0 0 0 0 0 0 0
71 38 24 18 6 8 3 1 1 1 1 0 1 0 0 1 1 0 0 0
68 65 27 17 13 7 3 1 2 2 2 1 1 1 1 1 1 1 1 1
124 71 77 24 17 8 6 2 3 4 2 1 1 2 2 1 1 2 1 2
119 96 89 35 23 28 7 8 7 7 5 3 4 3 4 2 3 2 3 7
166 151 124 57 31 24 16 7 15 15 9 8 8 8 5 8 6 5 8 6
176 138 120 78 40 36 18 31 21 17 15 13 12 15 9 15 11 10 19 19
161 136 145 94 72 51 54 51 38 51 38 22 26 19 28 31 23 39 21 25
86 124 179 150 109 82 99 113 78 62 52 39 38 37 30 57 44 58 37 71
64 36 17 5 4 2 2 1 0 0 0 0 0 0 0 0 0 0 0 1
38 22 11 3 3 1 1 1 0 0 0 0 0 0 0 0 0 0 0 0
37 16 8 5 4 1 1 1 0 0 0 0 0 0 0 0 0 0 0 0
38 19 13 4 2 1 0 0 0 0 0 0 0 0 0 0 0 0 0 0
23 18 8 5 2 1 1 0 0 0 0 0 0 0 0 0 0 0 0 0
29 17 10 6 4 2 0 1 0 0 0 0 0 0 0 0 0 0 0 0
32 24 11 5 3 2 1 1 0 0 0 0 0 0 0 0 0 0 0 0
40 22 14 5 3 2 1 0 0 0 0 0 0 0 0 0 0 0 0 0
41 19 13 8 4 1 1 0 0 0 0 0 0 0 0 0 0 0 0 0
40 16 13 10 3 1 0 1 1 0 0 0 0 0 0 0 0 0 0 0
72 46 24 8 5 1 1 1 1 0 0 0 0 0 0 0 0 0 0 0
47 44 22 8 4 3 1 1 0 0 0 0 0 0 0 0 0 0 0 0
59 32 20 15 5 7 3 1 1 1 0 0 1 0 0 0 0 0 0 0
58 55 23 14 11 6 2 1 2 2 2 1 1 1 1 1 1 1 1 0
104 61 65 20 14 7 5 1 3 3 2 1 1 2 2 1 1 2 1 2
119 86 78 30 20 24 5 7 6 5 4 2 3 3 4 2 2 2 3 6
163 145 116 50 26 20 13 6 13 13 7 7 7 7 4 7 5 4 7 5
168 136 115 69 33 31 15 26 18 15 12 11 10 13 8 13 10 8 16 16
162 146 138 83 61 44 47 43 33 45 33 19 21 16 24 26 19 34 18 21
108 141 188 136 93 68 88 97 66 53 43 32 32 32 25 48 37 50 31 60
55 31 15 4 3 1 1 1 0 0 0 0 0 0 0 0 0 0 0 1
32 19 9 3 2 1 0 0 0 0 0 0 0 0 0 0 0 0 0 0
32 13 7 4 3 1 1 1 0 0 0 0 0 0 0 0 0 0 0 0
32 16 11 3 1 1 0 0 0 0 0 0 0 0 0 0 0 0 0 0
19 15 6 4 2 1 1 0 0 0 0 0 0 0 0 0 0 0 0 0
24 14 9 5 3 2 0 0 0 0 0 0 0 0 0 0 0 0 0 0
27 20 9 4 3 2 1 1 0 0 0 0 0 0 0 0 0 0 0 0
34 19 12 4 2 2 1 0 0 0 0 0 0 0 0 0 0 0 0 0
34 16 11 7 4 1 1 0 0 0 0 0 0 0 0 0 0 0 0 0
33 13 11 9 2 1 0 1 0 0 0 0 0 0 0 0 0 0 0 0
60 39 20 7 5 1 0 1 1 0 0 0 0 0 0 0 0 0 0 0
40 39 18 7 3 3 1 1 0 0 0 0 0 0 0 0 0 0 0 0
50 27 17 13 4 6 2 1 0 1 0 0 0 0 0 0 0 0 0 0
51 46 19 12 9 5 2 1 1 1 1 1 1 1 1 1 1 1 1 0
92 52 55 17 12 6 4 1 2 2 1 1 1 1 2 1 1 2 1 2
108 74 68 26 16 21 5 6 5 5 4 2 3 2 3 2 2 1 2 5
142 132 99 42 22 17 12 5 11 11 6 6 6 6 4 6 4 3 6 4
154 155 100 62 29 27 13 22 15 12 10 9 8 11 7 11 8 7 14 14
179 145 124 71 54 39 41 37 29 38 28 16 18 13 21 23 16 29 15 18
125 172 170 123 79 57 77 86 57 45 36 27 26 27 21 41 31 43 26 51
45 26 12 3 3 1 1 1 0 0 0 0 0 0 0 0 0 0 0 1
27 16 8 2 2 1 0 0 0 0 0 0 0 0 0 0 0 0 0 0
27 11 6 4 3 1 0 1 0 0 0 0 0 0 0 0 0 0 0 0
28 14 9 3 1 1 0 0 0 0 0 0 0 0 0 0 0 0 0 0
16 12 5 4 2 1 0 0 0 0 0 0 0 0 0 0 0 0 0 0
20 12 7 4 3 1 0 0 0 0 0 0 0 0 0 0 0 0 0 0
22 17 8 3 2 2 1 1 0 0 0 0 0 0 0 0 0 0 0 0
29 15 10 3 2 2 1 0 0 0 0 0 0 0 0 0 0 0 0 0
30 13 9 6 3 1 1 0 0 0 0 0 0 0 0 0 0 0 0 0
28 11 9 8 2 1 0 1 0 0 0 0 0 0 0 0 0 0 0 0
50 35 17 6 4 1 0 1 1 0 0 0 0 0 0 0 0 0 0 0
34 33 15 5 3 2 1 1 0 0 0 0 0 0 0 0 0 0 0 0
42 24 14 10 4 5 2 1 0 1 0 0 0 0 0 0 0 0 0 0
43 38 16 10 7 4 2 1 1 1 1 1 1 0 0 1 0 1 1 0
79 44 46 15 10 5 4 1 2 2 1 1 1 1 1 1 1 1 1 1
95 62 58 22 14 18 4 5 4 4 3 1 2 2 3 1 2 1 2 4
120 116 88 36 18 14 10 4 9 9 5 5 5 5 3 5 3 3 5 3
154 144 94 54 24 22 11 19 12 10 9 8 7 9 5 9 7 6 11 11
169 159 111 61 47 33 35 31 25 33 24 13 15 11 18 20 14 25 12 15
126 187 146 114 66 48 66 75 49 38 30 22 22 22 17 34 26 36 21 43
38 21 11 3 2 1 1 0 0 0 0 0 0 0 0 0 0 0 0 0
23 13 7 2 2 1 0 0 0 0 0 0 0 0 0 0 0 0 0 0
22 9 5 3 2 1 0 0 0 0 0 0 0 0 0 0 0 0 0 0
23 12 7 2 1 1 0 0 0 0 0 0 0 0 0 0 0 0 0 0
13 10 4 3 1 1 0 0 0 0 0 0 0 0 0 0 0 0 0 0
17 10 6 4 2 1 0 0 0 0 0 0 0 0 0 0 0 0 0 0
19 15 6 3 2 1 1 1 0 0 0 0 0 0 0 0 0 0 0 0
24 13 9 3 1 1 1 0 0 0 0 0 0 0 0 0 0 0 0 0
25 11 8 5 3 1 1 0 0 0 0 0 0 0 0 0 0 0 0 0
24 9 8 7 2 1 0 1 0 0 0 0 0 0 0 0 0 0 0 0
43 31 15 5 3 1 0 1 0 0 0 0 0 0 0 0 0 0 0 0
29 28 13 5 2 2 1 1 0 0 0 0 0 0 0 0 0 0 0 0
35 20 12 9 3 4 2 1 0 1 0 0 0 0 0 0 0 0 0 0
36 32 14 9 6 3 1 1 1 1 1 0 0 0 0 0 0 0 0 0
68 37 38 13 9 4 3 1 2 2 1 1 1 1 1 1 1 1 1 1
82 53 50 19 11 15 3 4 4 3 3 1 2 2 2 1 1 1 1 4
109 99 77 30 15 12 8 3 8 8 4 4 4 4 2 4 3 2 4 3
132 136 80 45 21 19 9 17 11 8 7 6 6 8 5 8 6 5 10 10
162 148 92 51 40 28 29 26 21 28 20 11 12 9 15 17 11 21 10 13
144 191 130 106 56 40 61 64 43 33 25 18 19 19 14 29 22 30 18 37
32 18 9 2 2 1 1 0 0 0 0 0 0 0 0 0 0 0 0 0
19 11 6 2 1 1 0 0 0 0 0 0 0 0 0 0 0 0 0 0
19 8 4 3 2 0 0 0 0 0 0 0 0 0 0 0 0 0 0 0
20 10 6 2 1 1 0 0 0 0 0 0 0 0 0 0 0 0 0 0
11 9 4 3 1 0 0 0 0 0 0 0 0 0 0 0 0 0 0 0
14 8 5 3 2 1 0 0 0 0 0 0 0 0 0 0 0 0 0 0
16 12 5 2 2 1 0 0 0 0 0 0 0 0 0 0 0 0 0 0
20 11 7 2 1 1 1 0 0 0 0 0 0 0 0 0 0 0 0 0
21 9 6 4 2 1 1 0 0 0 0 0 0 0 0 0 0 0 0 0
21 8 7 5 1 1 0 1 0 0 0 0 0 0 0 0 0 0 0 0
36 26 12 4 3 1 0 0 0 0 0 0 0 0 0 0 0 0 0 0
24 24 11 4 2 2 1 1 0 0 0 0 0 0 0 0 0 0 0 0
29 17 10 8 3 4 2 0 0 0 0 0 0 0 0 0 0 0 0 0
31 26 11 7 5 3 1 0 1 1 1 0 0 0 0 0 0 0 0 0
58 31 32 11 7 3 3 1 1 1 1 1 1 1 1 1 1 1 0 1
69 44 43 16 9 13 3 3 3 3 2 1 2 1 2 1 1 1 1 3
99 83 65 25 13 10 7 3 7 6 4 3 4 3 2 3 2 2 3 2
117 130 70 40 17 16 8 14 9 7 6 5 5 7 4 7 5 4 8 8
145 128 80 43 34 24 25 23 18 23 17 9 10 7 12 14 10 18 9 10
146 178 117 93 48 33 52 55 37 28 21 15 16 16 12 24 18 25 15 31
26 15 7 2 2 1 1 0 0 0 0 0 0 0 0 0 0 0 0 0
16 10 5 1 1 1 0 0 0 0 0 0 0 0 0 0 0 0 0 0
16 7 3 2 2 0 0 0 0 0 0 0 0 0 0 0 0 0 0 0
17 8 5 2 1 1 0 0 0 0 0 0 0 0 0 0 0 0 0 0
9 7 3 2 1 0 0 0 0 0 0 0 0 0 0 0 0 0 0 0
12 7 4 3 2 1 0 0 0 0 0 0 0 0 0 0 0 0 0 0
13 10 5 2 1 1 0 0 0 0 0 0 0 0 0 0 0 0 0 0
17 9 6 2 1 1 0 0 0 0 0 0 0 0 0 0 0 0 0 0
18 8 5 3 2 0 1 0 0 0 0 0 0 0 0 0 0 0 0 0
18 7 6 5 1 1 0 1 0 0 0 0 0 0 0 0 0 0 0 0
30 22 11 4 2 0 0 0 0 0 0 0 0 0 0 0 0 0 0 0
21 20 9 3 2 1 0 0 0 0 0 0 0 0 0 0 0 0 0 0
24 14 8 7 2 3 1 0 0 0 0 0 0 0 0 0 0 0 0 0
26 22 9 6 4 2 1 0 1 1 1 0 0 0 0 0 0 0 0 0
49 26 27 9 6 3 2 1 1 1 1 0 0 1 1 1 0 1 0 1
62 38 37 14 8 11 2 3 3 2 2 1 1 1 2 1 1 1 1 2
88 70 58 21 11 8 6 2 5 5 3 3 3 3 2 3 2 2 3 2
98 121 60 34 14 14 6 12 7 6 5 5 4 6 3 6 4 4 7 7
127 115 69 36 29 21 21 19 15 20 14 8 9 6 11 12 8 16 7 9
161 157 103 79 41 27 46 47 31 24 18 13 13 14 10 21 15 22 13 26
22 13 6 2 1 1 1 0 0 0 0 0 0 0 0 0 0 0 0 0
13 8 4 1 1 0 0 0 0 0 0 0 0 0 0 0 0 0 0 0
13 5 3 2 1 0 0 0 0 0 0 0 0 0 0 0 0 0 0 0
15 7 4 1 1 0 0 0 0 0 0 0 0 0 0 0 0 0 0 0
8 6 2 2 1 0 0 0 0 0 0 0 0 0 0 0 0 0 0 0
10 6 3 2 1 1 0 0 0 0 0 0 0 0 0 0 0 0 0 0
11 9 4 2 1 1 0 0 0 0 0 0 0 0 0 0 0 0 0 0
14 8 5 2 1 1 0 0 0 0 0 0 0 0 0 0 0 0 0 0
15 7 5 3 2 0 0 0 0 0 0 0 0 0 0 0 0 0 0 0
15 6 5 4 1 0 0 1 0 0 0 0 0 0 0 0 0 0 0 0
25 19 10 3 2 0 0 0 0 0 0 0 0 0 0 0 0 0 0 0
18 17 8 3 1 1 0 0 0 0 0 0 0 0 0 0 0 0 0 0
20 12 7 6 2 3 1 0 0 0 0 0 0 0 0 0 0 0 0 0
22 18 8 5 4 2 1 0 1 1 1 0 0 0 0 0 0 0 0 0
41 22 22 8 5 2 2 0 1 1 1 0 0 1 1 0 0 1 0 1
53 32 31 12 7 9 2 3 2 2 2 1 1 1 1 1 1 1 1 2
77 59 49 17 9 7 5 2 5 5 3 2 2 2 1 2 2 1 2 2
87 111 51 30 12 11 5 10 6 5 4 4 3 5 3 5 4 3 6 6
108 107 58 30 24 18 18 16 13 17 12 6 7 5 9 10 7 13 6 7
153 143 88 67 35 23 38 40 27 21 15 10 11 12 8 18 13 19 10 22
18 11 5 1 1 1 0 0 0 0 0 0 0 0 0 0 0 0 0 0
11 7 3 1 1 0 0 0 0 0 0 0 0 0 0 0 0 0 0 0
11 5 2 2 1 0 0 0 0 0 0 0 0 0 0 0 0 0 0 0
12 6 4 1 1 0 0 0 0 0 0 0 0 0 0 0 0 0 0 0
7 5 2 2 1 0 0 0 0 0 0 0 0 0 0 0 0 0 0 0
8 5 3 2 1 1 0 0 0 0 0 0 0 0 0 0 0 0 0 0
9 7 3 1 1 1 0 0 0 0 0 0 0 0 0 0 0 0 0 0
12 6 4 1 1 1 0 0 0 0 0 0 0 0 0 0 0 0 0 0
13 6 4 2 1 0 0 0 0 0 0 0 0 0 0 0 0 0 0 0
13 5 4 3 1 0 0 0 0 0 0 0 0 0 0 0 0 0 0 0
21 16 8 2 2 0 0 0 0 0 0 0 0 0 0 0 0 0 0 0
15 14 7 2 1 1 0 0 0 0 0 0 0 0 0 0 0 0 0 0
17 10 6 5 1 2 1 0 0 0 0 0 0 0 0 0 0 0 0 0
18 15 7 4 3 2 1 0 0 1 1 0 0 0 0 0 0 0 0 0
34 18 19 6 4 2 2 0 1 1 0 0 0 1 1 0 0 1 0 1
45 27 26 10 5 8 2 2 2 2 1 1 1 1 1 1 1 0 1 2
66 50 41 15 8 6 4 2 4 4 2 2 2 2 1 2 1 1 2 1
73 108 43 25 10 10 5 9 5 4 4 3 3 4 2 4 3 2 5 5
95 98 50 25 20 15 15 14 11 14 10 5 6 4 7 9 6 11 5 6
146 123 78 58 29 19 33 35 23 17 12 9 10 10 7 15 11 16 9 18
15 9 4 1 1 0 0 0 0 0 0 0 0 0 0 0 0 0 0 0
9 6 3 1 1 0 0 0 0 0 0 0 0 0 0 0 0 0 0 0
9 4 2 1 1 0 0 0 0 0 0 0 0 0 0 0 0 0 0 0
10 5 3 1 0 0 0 0 0 0 0 0 0 0 0 0 0 0 0 0
5 4 2 1 1 0 0 0 0 0 0 0 0 0 0 0 0 0 0 0
7 4 2 2 1 0 0 0 0 0 0 0 0 0 0 0 0 0 0 0
8 6 3 1 1 1 0 0 0 0 0 0 0 0 0 0 0 0 0 0
10 5 4 1 1 1 0 0 0 0 0 0 0 0 0 0 0 0 0 0
11 5 3 2 1 0 0 0 0 0 0 0 0 0 0 0 0 0 0 0
11 4 3 3 1 0 0 0 0 0 0 0 0 0 0 0 0 0 0 0
17 14 7 2 1 0 0 0 0 0 0 0 0 0 0 0 0 0 0 0
13 12 5 2 1 1 0 0 0 0 0 0 0 0 0 0 0 0 0 0
14 9 5 4 1 2 1 0 0 0 0 0 0 0 0 0 0 0 0 0
15 13 6 4 2 1 1 0 0 0 1 0 0 0 0 0 0 0 0 0
29 15 16 5 4 2 1 0 1 1 0 0 0 0 1 0 0 0 0 0
40 22 22 9 5 7 1 2 1 1 1 0 1 1 1 0 1 0 1 1
57 42 35 13 6 5 4 1 3 3 2 2 2 2 1 2 1 1 2 1
63 94 36 22 9 8 4 8 4 3 3 3 2 3 2 3 3 2 4 4
83 89 41 21 17 13 13 12 9 12 9 4 5 3 6 8 5 9 4 5
134 108 67 50 24 16 30 30 19 14 10 7 8 8 6 12 9 14 7 15
13 8 4 1 1 0 0 0 0 0 0 0 0 0 0 0 0 0 0 0
8 5 2 1 1 0 0 0 0 0 0 0 0 0 0 0 0 0 0 0
8 3 2 1 1 0 0 0 0 0 0 0 0 0 0 0 0 0 0 0
8 4 2 1 0 0 0 0 0 0 0 0 0 0 0 0 0 0 0 0
5 4 1 1 0 0 0 0 0 0 0 0 0 0 0 0 0 0 0 0
6 3 2 1 1 0 0 0 0 0 0 0 0 0 0 0 0 0 0 0
7 5 2 1 1 0 0 0 0 0 0 0 0 0 0 0 0 0 0 0
9 4 3 1 0 1 0 0 0 0 0 0 0 0 0 0 0 0 0 0
9 4 3 2 1 0 0 0 0 0 0 0 0 0 0 0 0 0 0 0
9 3 3 2 1 0 0 0 0 0 0 0 0 0 0 0 0 0 0 0
15 12 6 2 1 0 0 0 0 0 0 0 0 0 0 0 0 0 0 0
11 10 5 2 1 1 0 0 0 0 0 0 0 0 0 0 0 0 0 0
11 7 4 3 1 2 1 0 0 0 0 0 0 0 0 0 0 0 0 0
13 11 5 3 2 1 0 0 0 0 0 0 0 0 0 0 0 0 0 0
24 13 13 4 3 1 1 0 1 1 0 0 0 0 0 0 0 0 0 0
34 19 20 7 4 6 1 2 1 1 1 0 1 1 1 0 0 0 0 1
48 35 30 11 5 4 3 1 3 3 2 1 1 1 1 1 1 1 1 1
53 81 31 18 7 7 3 6 4 3 3 2 2 3 1 3 2 2 4 4
71 82 35 18 15 11 11 10 8 10 7 4 4 3 5 7 4 8 4 4
122 94 58 43 21 13 25 26 16 12 8 6 7 7 5 10 7 12 6 13
11 6 3 1 1 0 0 0 0 0 0 0 0 0 0 0 0 0 0 0
7 4 2 1 0 0 0 0 0 0 0 0 0 0 0 0 0 0 0 0
6 3 1 1 1 0 0 0 0 0 0 0 0 0 0 0 0 0 0 0
7 4 2 1 0 0 0 0 0 0 0 0 0 0 0 0 0 0 0 0
4 3 1 1 0 0 0 0 0 0 0 0 0 0 0 0 0 0 0 0
5 3 2 1 1 0 0 0 0 0 0 0 0 0 0 0 0 0 0 0
5 4 2 1 1 0 0 0 0 0 0 0 0 0 0 0 0 0 0 0
7 4 3 1 0 0 0 0 0 0 0 0 0 0 0 0 0 0 0 0
8 3 2 1 1 0 0 0 0 0 0 0 0 0 0 0 0 0 0 0
7 3 2 2 0 0 0 0 0 0 0 0 0 0 0 0 0 0 0 0
12 10 5 1 1 0 0 0 0 0 0 0 0 0 0 0 0 0 0 0
9 9 4 1 1 1 0 0 0 0 0 0 0 0 0 0 0 0 0 0
10 6 3 3 1 1 1 0 0 0 0 0 0 0 0 0 0 0 0 0
11 9 4 3 2 1 0 0 0 0 0 0 0 0 0 0 0 0 0 0
20 11 11 4 3 1 1 0 0 1 0 0 0 0 0 0 0 0 0 0
29 16 17 6 3 5 1 1 1 1 1 0 1 0 1 0 0 0 0 1
41 30 26 9 4 3 3 1 2 2 1 1 1 1 1 1 1 1 1 1
45 68 26 16 6 6 3 5 3 2 2 2 2 2 1 2 2 1 3 3
60 73 30 15 13 9 10 8 7 8 6 3 4 2 4 6 4 7 3 4
110 79 50 37 17 11 21 22 14 10 7 5 6 6 4 9 6 10 5 11
9 5 3 1 1 0 0 0 0 0 0 0 0 0 0 0 0 0 0 0
6 3 2 0 0 0 0 0 0 0 0 0 0 0 0 0 0 0 0 0
5 2 1 1 1 0 0 0 0 0 0 0 0 0 0 0 0 0 0 0
6 3 2 1 0 0 0 0 0 0 0 0 0 0 0 0 0 0 0 0
3 3 1 1 0 0 0 0 0 0 0 0 0 0 0 0 0 0 0 0
4 2 1 1 1 0 0 0 0 0 0 0 0 0 0 0 0 0 0 0
5 4 2 1 0 0 0 0 0 0 0 0 0 0 0 0 0 0 0 0
6 3 2 1 0 0 0 0 0 0 0 0 0 0 0 0 0 0 0 0
7 3 2 1 1 0 0 0 0 0 0 0 0 0 0 0 0 0 0 0
6 2 2 2 0 0 0 0 0 0 0 0 0 0 0 0 0 0 0 0
10 9 5 1 1 0 0 0 0 0 0 0 0 0 0 0 0 0 0 0
8 7 3 1 1 0 0 0 0 0 0 0 0 0 0 0 0 0 0 0
8 5 3 2 1 1 0 0 0 0 0 0 0 0 0 0 0 0 0 0
9 8 3 2 1 1 0 0 0 0 0 0 0 0 0 0 0 0 0 0
17 9 9 3 2 1 1 0 0 0 0 0 0 0 0 0 0 0 0 0
25 13 15 5 3 4 1 1 1 1 1 0 0 0 1 0 0 0 0 1
35 25 22 7 4 3 2 1 2 2 1 1 1 1 1 1 1 1 1 1
38 59 22 13 5 5 2 5 3 2 2 2 1 2 1 2 2 1 3 3
52 63 25 13 11 8 8 7 6 7 5 3 3 2 4 5 3 6 3 3
97 67 43 32 15 9 18 18 12 9 6 4 5 5 3 7 5 9 4 9
7 4 2 1 1 0 0 0 0 0 0 0 0 0 0 0 0 0 0 0
5 3 1 0 0 0 0 0 0 0 0 0 0 0 0 0 0 0 0 0
4 2 1 1 0 0 0 0 0 0 0 0 0 0 0 0 0 0 0 0
5 3 1 0 0 0 0 0 0 0 0 0 0 0 0 0 0 0 0 0
3 2 1 1 0 0 0 0 0 0 0 0 0 0 0 0 0 0 0 0
3 2 1 1 0 0 0 0 0 0 0 0 0 0 0 0 0 0 0 0
4 3 1 1 0 0 0 0 0 0 0 0 0 0 0 0 0 0 0 0
5 3 2 1 0 0 0 0 0 0 0 0 0 0 0 0 0 0 0 0
6 2 2 1 1 0 0 0 0 0 0 0 0 0 0 0 0 0 0 0
5 2 2 1 0 0 0 0 0 0 0 0 0 0 0 0 0 0 0 0
8 8 4 1 1 0 0 0 0 0 0 0 0 0 0 0 0 0 0 0
7 6 3 1 0 0 0 0 0 0 0 0 0 0 0 0 0 0 0 0
7 5 2 2 1 1 0 0 0 0 0 0 0 0 0 0 0 0 0 0
8 6 3 2 1 1 0 0 0 0 0 0 0 0 0 0 0 0 0 0
14 8 8 3 2 1 1 0 0 0 0 0 0 0 0 0 0 0 0 0
21 11 12 5 2 3 1 1 1 1 1 0 0 0 0 0 0 0 0 1
30 21 19 6 3 2 2 1 2 2 1 1 1 1 1 1 1 0 1 1
32 50 18 11 4 4 2 4 2 2 1 1 1 2 1 2 1 1 2 2
44 54 21 11 9 6 7 6 5 6 4 2 3 2 3 4 3 5 2 3
85 56 37 26 13 7 16 15 10 7 5 4 4 4 3 6 4 7 4 8
6 4 2 0 0 0 0 0 0 0 0 0 0 0 0 0 0 0 0 0
4 2 1 0 0 0 0 0 0 0 0 0 0 0 0 0 0 0 0 0
4 2 1 1 0 0 0 0 0 0 0 0 0 0 0 0 0 0 0 0
4 2 1 0 0 0 0 0 0 0 0 0 0 0 0 0 0 0 0 0
2 2 1 1 0 0 0 0 0 0 0 0 0 0 0 0 0 0 0 0
3 2 1 1 0 0 0 0 0 0 0 0 0 0 0 0 0 0 0 0
3 2 1 0 0 0 0 0 0 0 0 0 0 0 0 0 0 0 0 0
4 2 2 0 0 0 0 0 0 0 0 0 0 0 0 0 0 0 0 0
5 2 1 1 0 0 0 0 0 0 0 0 0 0 0 0 0 0 0 0
4 2 1 1 0 0 0 0 0 0 0 0 0 0 0 0 0 0 0 0
7 7 3 1 1 0 0 0 0 0 0 0 0 0 0 0 0 0 0 0
6 5 2 1 0 0 0 0 0 0 0 0 0 0 0 0 0 0 0 0
6 4 2 2 1 1 0 0 0 0 0 0 0 0 0 0 0 0 0 0
6 5 2 2 1 1 0 0 0 0 0 0 0 0 0 0 0 0 0 0
12 7 6 2 1 1 1 0 0 0 0 0 0 0 0 0 0 0 0 0
18 10 10 4 2 3 1 1 1 1 0 0 0 0 0 0 0 0 0 1
25 17 16 5 3 2 2 1 1 1 1 1 1 1 0 1 1 0 1 0
27 42 16 10 4 4 2 3 2 1 1 1 1 1 1 1 1 1 2 2
38 46 18 9 8 6 6 5 4 5 4 2 2 1 3 4 2 4 2 2
72 47 31 22 11 6 14 13 8 6 4 3 4 3 2 5 4 6 3 6
5 3 2 0 0 0 0 0 0 0 0 0 0 0 0 0 0 0 0 0
3 2 1 0 0 0 0 0 0 0 0 0 0 0 0 0 0 0 0 0
3 1 1 0 0 0 0 0 0 0 0 0 0 0 0 0 0 0 0 0
4 2 1 0 0 0 0 0 0 0 0 0 0 0 0 0 0 0 0 0
2 2 1 0 0 0 0 0 0 0 0 0 0 0 0 0 0 0 0 0
2 1 1 1 0 0 0 0 0 0 0 0 0 0 0 0 0 0 0 0
3 2 1 0 0 0 0 0 0 0 0 0 0 0 0 0 0 0 0 0
3 2 1 0 0 0 0 0 0 0 0 0 0 0 0 0 0 0 0 0
4 2 1 1 0 0 0 0 0 0 0 0 0 0 0 0 0 0 0 0
4 1 1 1 0 0 0 0 0 0 0 0 0 0 0 0 0 0 0 0
6 6 3 1 0 0 0 0 0 0 0 0 0 0 0 0 0 0 0 0
5 4 2 1 0 0 0 0 0 0 0 0 0 0 0 0 0 0 0 0
5 3 2 1 0 1 0 0 0 0 0 0 0 0 0 0 0 0 0 0
5 4 2 1 1 1 0 0 0 0 0 0 0 0 0 0 0 0 0 0
10 5 5 2 1 1 1 0 0 0 0 0 0 0 0 0 0 0 0 0
16 8 9 3 2 2 0 1 0 0 0 0 0 0 0 0 0 0 0 1
21 15 14 4 2 2 1 0 1 1 1 1 1 1 0 1 0 0 1 0
23 35 13 8 3 3 1 3 2 1 1 1 1 1 1 1 1 1 2 2
32 40 15 7 7 5 5 4 4 4 3 2 2 1 2 3 2 4 1 2
62 40 26 19 9 5 12 11 7 5 3 2 3 3 2 4 3 5 2 5
