0 5 0 0 0 0 0 0 0 0 0.06208447 6.074838 0.06526465 0.0003351086 3.130161e-07 7.694415e-10 2.29995e-12 9.72178e-10 7.6398e-07 0.0002339879 0.1371927 6.912002 0.1609656 0.002486584 1.588223e-05 8.302152e-08 3.735989e-10 5.627237e-08 1.519846e-05 0.001641142 0.293338 8.343227 0.2780714 0.0047296 3.702304e-05 3.533552e-07 5.336573e-09 4.083663e-07 7.240182e-05 0.006225304 0.4699626 9.848006 0.4472622 0.01067222 0.0001328602 9.723175e-07 1.651049e-08 1.25162e-06 0.0001616169 0.01205094 0.6878354
10.9106 0.6866563 0.02550751 0.0005507536 6.396362e-06 7.197587e-08 3.307747e-06 0.0003084389 0.02087998 1.170486 12.44366 0.9301705 0.04233536 0.001187451 1.795856e-05 2.896574e-07 1.176328e-05 0.0008338882 0.04566822 1.812583 18.4858 1.543886 0.07516443 0.003018397 7.173285e-05 1.024077e-06 3.127073e-05 0.001812175 0.07692856 2.284795 24.71458 2.063653 0.09449158 0.004046323 0.0001164873 2.741015e-06 6.540938e-05 0.003586465 0.1208995 2.926033 27.64299 2.944735 0.1334329 0.00547517 0.000189891 8.235683e-06 0.0001413218 0.004951419 0.1543971 4.214122 32.18282
4.193909 0.2203201 0.009457064 0.0003445498 1.66886e-05 0.0002634287 0.009515964 0.2584167 5.720964 41.52126 6.283402 0.3442843 0.01279761 0.0004999774 2.82675e-05 0.0003853378 0.0132255 0.3455759 7.55026 52.07403 9.732754 0.603539 0.02043205 0.0008419454 6.748852e-05 0.001036366 0.02360543 0.4813701 10.40905 69.20546 14.58763 1.169408 0.04183828 0.001222558 0.0001030046 0.001571727 0.02987948 0.6093076 15.45021 88.57927 20.1772 1.716568 0.07024878 0.002305418 0.0001848721 0.002082916 0.04381902 0.9550911 22.98245 100.913 24.1779
2.465403 0.1244299 0.003890014 0.0002597976 0.002785669 0.06114088 1.455144 32.95942 122.235 38.77397 3.465636 0.1894116 0.006535682 0.0004212187 0.004792802 0.09788364 2.37728 46.32658 144.9488 46.93345 4.78118 0.285835 0.01176763 0.000630553 0.006115155 0.1517444 3.866975 62.92255 152.7472 60.80799 6.234935 0.382623 0.01778567 0.0009875181 0.008307566 0.2055773 5.260088 78.03932 183.2188 68.04976 9.12813 0.6469653 0.0300749 0.002161712 0.01585431 0.3963421 7.411486 86.83711 185.4248 87.60682 13.17796
0.9042366 0.0425725 0.003141291 0.02827152 0.7807779 13.79779 100.4753 189.449 96.89849 19.44622 1.425309 0.0658292 0.005322368 0.04568887 1.101825 17.50396 116.1827 195.7643 115.71 26.88578 2.166006 0.1081126 0.008678404 0.07506882 1.711999 24.0587 140.9282 187.374 123.4107 35.40331 3.279755 0.1630456 0.01289918 0.1058509 2.388631 29.55043 147.7089 189.9321 141.7922 41.53084 3.910604 0.2640186 0.02081363 0.1928348 3.854861 35.88154 161.8606 187.6425 156.7512 55.59118 6.510245
0.3762126 0.02965026 0.2777204 4.81529 48.2536 168.6127 180.8461 164.5124 59.2306 7.497306 0.5113105 0.04094894 0.3479898 6.245377 58.60002 173.5342 181.8624 172.1837 71.51951 9.716687 0.6621646 0.05917392 0.5029398 9.25065 73.81068 184.9508 174.1456 176.8844 87.71832 13.27123 0.9405244 0.1072314 0.8477034 11.91609 86.72103 192.9654 161.8441 174.1544 98.15844 19.7545 1.37883 0.1777914 1.324142 18.37111 110.4457 192.9615 149.9754 172.3418 119.3603 27.77076 1.909013
0.2298688 2.058923 26.36253 116.3408 188.9774 139.3467 169.2517 142.06 33.32752 2.715978 0.3171186 2.846831 36.55382 128.0731 179.3687 130.6335 168.7591 154.8854 42.41203 3.675461 0.4371628 3.946791 44.79036 134.2276 174.6262 120.4473 164.0608 160.4265 53.42832 5.929644 0.6098428 5.108615 53.84769 142.8521 164.7227 111.0132 162.9623 161.2814 60.24589 7.848731 0.8627588 7.088563 61.6112 147.5267 160.8629 102.9033 155.7833 169.6045 69.19378 10.00791 1.193965
8.851627 68.4444 165.941 150.4202 96.83664 149.552 173.3168 82.54022 12.6173 1.8067 11.46139 91.34044 165.7637 140.9959 89.11008 141.4246 165.3406 97.78716 15.71276 2.369918 14.85791 107.9501 176.1378 140.8254 81.82844 132.0991 163.14 123.2709 21.91896 3.195761 18.41151 116.2167 195.6291 131.9278 75.10913 126.0834 156.8685 129.0075 28.41225 4.877687 22.62125 124.7467 195.7019 123.1728 68.52517 116.9831 154.3171 136.7867 44.51723 6.33574 26.5041
131.3645 189.1952 115.6698 62.54124 109.8141 163.5962 145.8495 47.85351 8.604222 35.06125 144.4226 184.6061 106.4595 57.52367 105.3329 158.3034 151.2143 57.9474 10.06322 38.62433 153.776 182.8672 97.56326 52.70682 97.47581 150.6059 155.3485 90.26111 13.14833 54.06468 165.0961 172.0682 89.33484 48.35109 91.58976 143.0816 153.8232 103.3464 18.71685 85.96773 167.7684 160.0601 82.05262 44.42177 85.44093 134.0784 156.6714 116.479 23.28517 107.2921 168.2303
148.8567 75.08924 40.53877 78.51641 126.418 165.7534 130.1553 30.72152 117.8318 180.4529 138.3415 68.85131 37.20552 72.34678 119.4133 169.358 147.2798 33.99735 128.1788 185.2508 131.2235 63.24614 34.4127 66.76711 114.8535 173.5079 166.8545 53.18838 162.7425 181.9361 121.5061 57.87536 31.68902 61.7913 107.2665 163.5979 175.86 73.96424 159.8909 174.9489 112.3654 52.72841 29.109 56.87474 100.595 158.5745 187.7027 122.5013 163.298 165.2184 104.054
