0 5 0 0 0 0 0 0 0 0 0.08846756 6.550001 0.08469354 0.0004222515 5.685283e-07 1.275734e-09 7.630121e-13 7.034978e-10 5.153817e-07 0.0005560195 0.1829583 7.793186 0.1713636 0.001538877 7.898582e-06 2.079368e-08 2.039168e-10 8.970549e-08 1.565742e-05 0.002116882 0.3482127 10.58761 0.3675618 0.005169594 4.400599e-05 3.781574e-07 3.942821e-09 6.378129e-07 6.556554e-05 0.00487518 0.7068582 16.23636 0.7041901 0.01324952 0.0001993575 1.073351e-06 1.894118e-08 3.027087e-06 0.000227991 0.01258286 1.039755
19.40142 1.106926 0.033055 0.0006622994 5.299499e-06 8.829038e-08 7.466619e-06 0.0004764184 0.02414718 1.467082 24.94185 1.708938 0.0535081 0.001157518 1.640065e-05 3.035696e-07 1.87346e-05 0.0009564215 0.03836717 1.840935 26.12568 2.397715 0.08613741 0.001761345 3.076591e-05 1.100199e-06 4.927821e-05 0.001856904 0.05943118 2.556068 31.26856 3.752952 0.158306 0.00361525 7.107597e-05 2.739585e-06 7.562935e-05 0.003090065 0.09869535 4.442398 43.51938 5.103769 0.2571689 0.007036024 0.000139202 6.32506e-06 0.0001666074 0.006106342 0.1922562 5.695704 53.30656
5.849765 0.3908733 0.01412106 0.000294496 1.26761e-05 0.0002595041 0.008674611 0.2490482 7.552048 69.77009 8.322999 0.5961936 0.02338696 0.0005758844 2.642564e-05 0.0006105859 0.0159861 0.3285468 9.138684 72.85387 9.514015 0.7712853 0.03405367 0.001016822 5.041956e-05 0.0009526824 0.02443325 0.4443834 11.95468 82.7021 17.8312 1.335788 0.05203358 0.001887877 9.431258e-05 0.001524105 0.04190711 0.7351938 17.29018 88.99372 20.0364 1.930073 0.08754221 0.002813422 0.0001581877 0.002932262 0.06680261 1.14263 21.28361 91.15459 22.79573
2.496176 0.1271447 0.00447177 0.0003219471 0.004696874 0.08881757 1.602557 23.52123 97.95116 32.27896 3.413096 0.1785061 0.006989247 0.0005592243 0.007377825 0.1259541 1.973333 26.88753 111.9625 40.40819 4.53701 0.2455431 0.01342239 0.0009239834 0.009612262 0.1750975 2.476084 41.58812 121.1653 51.91912 6.795238 0.3814811 0.02002529 0.001628169 0.01324155 0.2576297 3.994354 47.76268 132.9923 62.95927 11.34705 0.6376601 0.03280422 0.002588106 0.01972866 0.3527786 5.890029 57.06085 143.0131 68.13539 13.52849
0.967596 0.05119218 0.003885744 0.02873617 0.5049591 7.585322 67.69443 154.9818 78.61817 15.56351 1.224068 0.072881 0.006104304 0.04297862 0.7129596 10.17611 74.64575 157.8524 86.73102 17.08067 1.508608 0.08972801 0.008112767 0.06318328 1.07383 12.55134 84.70769 157.8204 97.69785 21.69872 1.898637 0.1252098 0.01230965 0.09179625 1.497785 16.12533 95.48429 156.6517 121.3979 24.26446 2.338763 0.1648984 0.01696007 0.1395178 1.968485 20.81038 116.822 148.1076 143.3411 30.94309 3.088167
0.2944633 0.02578418 0.1676293 2.409582 27.13382 135.5134 147.6138 158.3975 41.06729 5.50972 0.4088207 0.03977757 0.2433299 3.332313 40.46716 155.092 152.0359 164.6699 52.00617 6.808131 0.6524274 0.05571588 0.3412176 4.153657 48.74923 157.995 144.9023 172.3031 68.95378 7.9171 0.760245 0.08981866 0.5657737 6.201952 52.8555 168.2326 143.8102 183.6408 106.4972 12.41899 1.076776 0.1612239 0.992624 8.405906 57.0227 171.7597 144.1702 186.0377 120.709 15.0147 1.241253
0.2418008 1.774917 12.5227 66.12036 164.4747 139.2314 180.4881 127.5047 17.25387 1.664355 0.3553444 2.110504 16.56051 74.91147 163.1895 131.4036 177.5221 148.6354 23.25002 1.968523 0.5360498 3.26731 18.44251 80.50506 164.8291 126.6815 172.8315 161.3335 29.53821 2.611426 0.6891798 3.876802 21.53 81.90239 159.1293 117.8924 170.1597 179.6159 44.59699 3.599032 0.9814326 4.853754 29.01826 109.0756 150.7098 109.7575 164.9629 188.9258 63.33917 5.618135 1.348277
5.608879 36.51238 132.9446 145.4364 103.8956 160.8771 189.7053 71.36212 8.233466 1.823664 7.50024 47.3088 159.0888 143.1052 95.75745 151.6552 197.0842 88.29616 10.0827 2.344706 9.18918 56.63953 165.8391 142.1875 89.01727 140.7869 190.6666 110.0806 11.47279 2.612253 11.6081 69.02648 190.624 134.8891 82.47085 134.2721 196.292 117.0362 15.16054 3.176477 14.39398 76.84335 195.2903 130.0942 76.45029 127.6659 189.7377 134.0167 25.91454 4.728093 18.48535
89.78305 198.0992 123.7635 71.44497 119.1467 184.0643 139.3815 29.7944 5.364091 24.78481 119.9814 192.0864 121.9617 66.23638 110.3334 173.1029 149.0742 35.59249 7.31069 31.02572 140.3143 186.2471 113.5985 60.68067 103.9939 166.4761 163.553 47.31083 10.27224 46.0588 164.4438 185.1464 106.5982 56.15682 95.96888 161.0265 167.6893 63.71929 20.31771 54.80608 186.4828 174.904 99.70198 52.80226 88.21036 149.7132 178.0194 73.92375 29.0473 100.0415 185.0682
170.1145 95.28459 49.18041 81.73778 139.1743 170.1453 78.90088 41.44386 116.5912 181.0584 165.7813 91.31001 45.64173 74.97785 128.4956 166.379 85.56332 45.97198 126.707 204.1539 155.7907 84.47125 41.99028 68.87844 120.3976 166.8432 96.43348 54.51542 137.454 209.2301 145.2504 78.22359 38.68046 63.28349 110.7424 160.8797 109.9933 67.51959 168.6051 203.8834 135.9718 71.85505 35.545 58.62709 102.552 155.8395 129.7517 78.71825 177.9251 193.927 127.424
