0 5 0 0 0 0 0 0 0 0 0.07884321 6.468583 0.07396698 0.0001373393 3.196659e-07 3.041503e-10 1.081731e-12 1.276849e-09 1.976255e-06 0.0003570731 0.1723303 7.695695 0.1748871 0.001803599 8.283428e-06 1.827199e-08 4.558004e-10 5.038592e-08 1.070694e-05 0.001761387 0.344814 10.36256 0.3337261 0.004203257 4.754546e-05 5.718042e-07 6.977098e-09 7.642504e-07 7.721321e-05 0.005328872 0.5334753 12.94144 0.5511245 0.009996322 0.000132244 1.422408e-06 5.501424e-08 2.606451e-06 0.0002039204 0.01103689 0.8370511
16.35322 0.7681522 0.01472455 0.0002674149 5.329709e-06 1.731302e-07 7.456357e-06 0.0005888447 0.02467769 1.31246 21.0126 1.221565 0.02801704 0.0005462418 1.182196e-05 4.808681e-07 1.656833e-05 0.0009214219 0.03945538 1.790574 23.73147 1.504891 0.0402763 0.0009297725 2.153937e-05 1.176806e-06 5.634195e-05 0.002285336 0.06893006 2.219977 25.01093 1.816814 0.06092591 0.001631996 3.977504e-05 2.173454e-06 8.635434e-05 0.003982663 0.1151957 3.064122 34.18043 3.08599 0.1094158 0.00277748 7.200314e-05 7.245708e-06 0.0002174576 0.00595557 0.1607943 5.460897 50.30804
4.588857 0.1892407 0.005730999 0.0001320983 1.866485e-05 0.000429457 0.0107453 0.2979064 7.558394 61.601 6.170388 0.2971238 0.009952617 0.0002440058 3.0489e-05 0.0007111613 0.02093715 0.5244235 10.49616 88.35201 8.908816 0.4193584 0.01513191 0.0004375761 6.496991e-05 0.001354465 0.03607924 0.7075112 13.12898 96.5144 10.50025 0.6701557 0.02890736 0.0008193904 0.0001122514 0.002244384 0.05940369 1.198827 21.45544 103.4427 13.23918 1.423669 0.06534471 0.001424856 0.0001550871 0.003241132 0.08996368 1.863176 25.04923 110.5161 22.19289
2.401971 0.1053345 0.002677957 0.0003158245 0.005717637 0.1239628 2.272457 27.42625 123.1938 28.41718 3.061059 0.1425698 0.005766216 0.0005707727 0.01043178 0.2187728 2.586501 30.86154 129.9484 36.2646 5.087775 0.245965 0.01009641 0.0009997366 0.01738911 0.3183706 3.38868 35.30652 147.6395 46.78314 6.825953 0.406436 0.01605718 0.001691214 0.0304223 0.5162937 4.528351 40.32919 154.0433 56.01946 8.269865 0.6333186 0.02634601 0.002433168 0.04098099 0.6986037 5.81664 52.60947 181.5191 74.68077 13.76506
1.010223 0.04932463 0.004741172 0.08633915 1.355146 9.425886 59.07443 179.4145 83.2406 16.42027 1.412119 0.07621717 0.006706627 0.131852 2.097439 13.41942 70.1358 189.4364 90.67569 20.59058 2.237005 0.1294123 0.01077559 0.186146 2.672142 17.84422 82.94546 189.3964 99.44999 25.99398 3.149287 0.1871708 0.0180948 0.3627652 4.138825 23.44824 102.4502 195.2684 112.9582 33.06031 3.961373 0.2522661 0.02809856 0.511507 6.56427 38.70469 120.5172 187.3044 146.1336 43.58108 6.118577
0.4392392 0.05059521 0.682725 9.634908 54.17049 141.9679 176.2651 148.5815 59.47262 9.403715 0.6471107 0.073196 0.9509549 11.90454 59.83303 140.3699 167.2681 176.644 84.15275 11.83379 0.8774611 0.1025416 1.273665 15.16099 66.20007 154.4494 154.8636 177.1645 90.91441 13.54034 1.21034 0.1526783 1.697647 18.15229 80.07827 158.5383 146.5359 179.5397 100.6935 17.92926 1.673805 0.2212217 2.456464 24.81608 101.0903 163.5944 137.4396 185.0366 109.7675 23.75651 2.521832
0.3069995 3.155635 31.34708 112.8874 177.0187 128.1958 185.6789 110.6601 28.2363 3.816122 0.469802 4.323769 40.94554 115.5345 178.4108 120.9696 185.9636 131.0975 31.07575 5.030131 0.7019203 6.041413 64.24355 130.5685 176.6573 113.4465 180.3416 135.8577 37.80993 7.028262 1.015519 8.734755 89.49378 144.2577 170.1587 105.4776 185.9607 154.7433 41.03647 10.15527 1.772128 13.73331 137.518 151.4401 170.1878 98.91684 180.0651 166.8823 44.96875 11.60422 2.385519
17.33764 155.6563 155.7613 161.6866 91.77503 173.586 189.6447 55.54389 13.15199 3.108154 19.96755 151.2917 162.3601 153.7898 84.27059 162.9372 191.7432 65.30672 16.3363 3.998771 23.24659 155.1991 159.9136 145.7295 78.6629 158.4084 192.4047 82.43952 21.48262 6.156964 32.71813 175.9055 176.0649 134.829 72.09511 147.2757 185.8494 98.55636 26.8659 13.94203 41.34848 182.0907 174.0129 126.7145 66.65515 135.63 175.9257 123.5891 41.53283 23.33323 78.86082
185.895 165.6427 117.4964 61.49251 127.9785 174.8291 132.8316 48.93902 31.76437 97.60143 182.3587 169.0539 111.6913 56.51407 117.587 166.0011 135.9239 56.21701 36.97752 110.757 184.1576 158.4862 104.5404 51.78221 107.8794 159.86 146.6507 67.90232 42.72396 132.9604 185.2173 151.2534 99.1904 47.5517 99.40012 150.52 148.8459 76.87051 48.06796 165.0385 180.3275 151.8638 94.17686 43.7908 90.99288 144.2802 150.6831 89.28152 59.09694 176.7177 178.2325
150.8501 88.86849 40.45539 82.86723 133.1576 156.4748 108.0656 74.14101 198.2303 170.8524 143.1361 82.88399 37.42175 75.73817 124.278 160.5092 125.5239 85.07947 190.5585 161.0624 137.0865 79.5571 34.55206 68.97023 115.0417 157.4158 137.2698 102.8238 192.9435 151.0838 129.2308 75.04197 31.81943 62.93416 106.6388 153.7139 153.9435 110.5137 189.7373 142.5406 118.668 71.54666 29.22118 57.21162 98.98982 148.1794 164.2428 127.4151 190.1289 132.2503 112.7099
