0 5 0 0 0 0 0 0 0 0 0.04838162 5.641781 0.05281171 0.0004829166 1.497929e-06 7.359723e-10 1.229868e-12 1.654758e-09 6.444679e-07 0.0003001156 0.1364346 6.896829 0.1378629 0.001906737 2.641158e-05 1.708005e-07 2.943865e-10 2.363733e-08 8.076068e-06 0.001456353 0.229548 7.62577 0.2169993 0.004008513 7.388342e-05 1.189189e-06 1.111327e-08 2.66465e-07 3.197645e-05 0.003823276 0.3736464 8.814803 0.3315841 0.008158392 0.0001677634 2.289732e-06 3.48381e-08 6.807312e-07 8.13889e-05 0.00812499 0.6052533
10.49019 0.5037018 0.01445676 0.0003887473 7.814319e-06 9.440358e-08 1.909214e-06 0.0001711388 0.01552385 0.8467767 11.90387 0.7637079 0.02458997 0.0006989731 1.846217e-05 2.98878e-07 4.369402e-06 0.0003383452 0.02531432 1.092554 14.27073 1.243869 0.04559629 0.001074921 2.955468e-05 8.842224e-07 1.144515e-05 0.0006878747 0.03648458 1.4962 18.66413 1.9108 0.08445416 0.002100102 5.03597e-05 2.0142e-06 3.49453e-05 0.001694565 0.05908201 2.109959 22.97701 2.763958 0.1648043 0.004960802 0.0001119058 4.402131e-06 6.274819e-05 0.002691743 0.08895796 2.951753 27.0931
3.828554 0.2567958 0.00955383 0.0002810754 1.043688e-05 9.061302e-05 0.00505127 0.1693316 4.088511 31.50277 7.334229 0.4260775 0.01264395 0.0003944526 1.637764e-05 0.0001521075 0.007231809 0.2351888 5.492955 38.14771 8.764286 0.8325063 0.03050997 0.0007089015 2.587821e-05 0.0002990968 0.01384481 0.3935122 7.219695 46.00755 11.82809 1.04533 0.04108425 0.001126455 4.167618e-05 0.0006752661 0.02390523 0.526414 11.69454 69.46216 14.65394 1.279986 0.05640193 0.001767893 8.494362e-05 0.001200925 0.03974498 0.8299639 15.22746 76.67417 18.44187
1.596554 0.07601673 0.002686991 0.0002042032 0.001809107 0.04950696 1.015053 18.15087 84.26103 22.14403 2.05254 0.1100119 0.005327008 0.0003199123 0.002634564 0.06520313 1.232662 21.10092 91.311 29.38834 2.846348 0.2190565 0.01005014 0.0005074236 0.005257852 0.08620169 1.596063 25.05643 115.8466 41.83397 3.91954 0.2935544 0.01541741 0.0007692796 0.008781983 0.157715 2.256478 30.35071 129.0985 46.21633 5.585879 0.4066773 0.02042254 0.001143096 0.01362804 0.262659 3.699571 40.68023 141.6055 54.47131 7.256911
0.6099235 0.03318734 0.001797554 0.02180308 0.3943096 4.863904 42.63021 148.1447 63.92133 9.45797 0.7778313 0.04321864 0.002640908 0.02947591 0.5813218 7.796148 46.97008 148.2515 80.11891 12.32774 1.087953 0.06251566 0.004304281 0.03810233 0.7451341 8.454982 60.19917 152.8493 98.61292 20.52005 2.027266 0.09958725 0.00676219 0.06737844 1.10636 10.8814 70.02801 156.2148 119.1542 27.84005 3.486769 0.1570015 0.009752097 0.08718156 1.505678 13.36314 87.08038 155.1745 129.6178 32.41605 4.723936
0.2183557 0.01356981 0.1250538 1.954381 18.23441 99.10153 155.9995 149.8909 40.23668 6.753941 0.4373173 0.02526293 0.1984009 2.685756 28.8584 109.0806 159.7151 159.6076 51.52368 8.535386 0.5636814 0.0380086 0.3609863 3.292328 33.24409 122.7374 157.3982 169.3137 58.41304 9.690745 0.6770872 0.05659741 0.5518079 5.274857 45.85887 126.3719 153.436 169.736 67.65388 11.34578 0.8503097 0.08289455 0.8386309 7.562016 54.17874 129.5608 147.6177 165.0773 75.79236 12.64218 1.341544
0.1253133 1.301389 13.85555 62.96388 143.8566 146.8788 163.2441 81.81584 15.7574 1.770274 0.1804558 2.00683 17.48654 73.83371 148.0531 143.0031 160.9868 87.18911 21.81843 2.368059 0.2522267 2.655214 19.83057 80.48425 178.8845 140.2936 160.9753 97.18913 34.54696 3.231405 0.3789769 3.774493 24.04988 91.88282 185.2708 134.3801 156.3953 104.8255 40.75228 4.30747 0.516552 4.795182 27.61923 139.3945 189.0348 127.1014 168.0566 112.0243 45.05934 5.177835 0.7523163
6.114883 34.09217 144.78 182.3618 120.0499 158.4817 122.3119 48.41108 6.346023 1.053087 7.949709 46.38822 163.407 171.4587 112.8577 151.0257 140.3417 62.55768 8.393539 1.507359 9.633559 57.53759 176.7555 166.0765 105.9251 142.3721 155.8341 73.50401 10.37464 1.892992 13.8731 73.09347 201.5369 167.6744 99.44288 138.3192 166.5476 92.43208 16.24248 2.736163 17.17394 82.40011 209.9209 158.054 93.77101 131.588 179.723 101.7161 21.43282 3.590595 22.95562
86.8491 207.3885 154.4227 86.8135 123.3911 186.4685 124.6866 24.05951 4.356018 28.11397 107.9047 202.777 147.656 80.31487 114.5566 177.0129 140.9868 28.46447 6.291204 34.82827 121.7685 194.8008 136.8088 75.1261 106.6799 174.1693 151.2636 36.46325 8.847733 47.29684 142.1993 188.1818 127.8172 69.19434 98.5563 168.2642 154.9944 39.7037 11.46515 55.46452 158.781 178.0308 120.0672 63.61321 91.71541 163.5808 173.4593 47.35504 14.19956 67.90957 183.9986
169.5519 110.6161 58.80379 88.45139 157.3294 176.0796 54.00873 18.74221 82.14668 181.4468 162.2702 102.446 54.7448 81.86938 155.0153 182.7071 57.93319 25.39923 91.48533 183.2243 151.8283 94.38538 50.0668 76.10786 146.7634 180.4661 65.07569 31.8067 96.81444 176.8669 142.335 87.24577 46.15238 71.03166 137.9248 175.3861 74.92456 37.55595 104.5237 175.9544 131.7861 80.55444 42.49633 65.87136 127.6956 172.82 80.9978 43.70108 124.03 181.1364 123.2046
