0 5 0 0 0 0 0 0 0 0 0.04982786 5.792388 0.05354228 0.0002998188 1.040864e-06 2.704658e-09 2.539917e-12 1.584448e-10 3.664998e-07 0.0001502432 0.1482533 7.39572 0.1562308 0.001558533 1.166886e-05 1.052328e-07 4.207755e-10 1.858732e-08 7.972862e-06 0.001231673 0.2356346 7.715508 0.2459327 0.00443178 3.992048e-05 4.229001e-07 4.17796e-09 1.83031e-07 4.078905e-05 0.004241122 0.3270496 8.705001 0.4187854 0.01138803 0.0001479239 1.325358e-06 2.072917e-08 7.978348e-07 0.0001428847 0.008234799 0.5708287
11.22219 0.6309454 0.02120484 0.0004592754 5.885814e-06 1.082626e-07 4.582941e-06 0.0005139384 0.02140088 0.8864826 14.51444 0.944006 0.03251923 0.0007773559 1.423802e-05 3.406279e-07 1.2149e-05 0.001030257 0.03763231 1.162283 14.66291 1.321774 0.05292306 0.001303841 3.374182e-05 1.063374e-06 3.174904e-05 0.001727838 0.05522242 1.571177 16.6965 1.687069 0.07554914 0.002076978 5.771831e-05 2.637891e-06 6.222992e-05 0.002671281 0.07933389 2.144913 20.69797 2.503724 0.1234418 0.003583124 9.373794e-05 4.990585e-06 9.45106e-05 0.003921629 0.1119575 2.840111 26.75087
3.854934 0.1929121 0.00527099 0.0001453831 9.652198e-06 0.0001720511 0.007364012 0.2037604 4.675485 41.27442 5.25678 0.3971727 0.01319561 0.0002341653 1.487002e-05 0.0002520667 0.01087025 0.3013361 6.306606 63.23803 9.519128 0.6052909 0.02144173 0.0005068781 2.854225e-05 0.000487335 0.01678189 0.3991731 8.564297 66.75944 11.6526 0.7206246 0.03027548 0.0008997571 5.062626e-05 0.0006694587 0.02176373 0.5610542 10.3485 82.10557 15.78533 1.171742 0.04878977 0.001374372 7.118854e-05 0.0009002068 0.02695164 0.6599667 13.34326 91.63926 19.58238
1.45898 0.06732307 0.002569909 0.0001248306 0.001536593 0.04171997 0.9726093 18.0229 106.8387 21.71993 1.745877 0.1011128 0.004138286 0.0002255344 0.002988412 0.07551173 1.418003 21.97663 133.09 35.13585 2.490865 0.1534483 0.006534795 0.0004522779 0.006136529 0.1525551 2.49602 31.74882 140.3953 41.07705 2.924619 0.2250506 0.01112503 0.0007575407 0.01178854 0.2647897 3.490026 43.2086 176.8557 48.21434 4.366389 0.3024158 0.01641347 0.001405277 0.02155621 0.451974 5.528632 49.20865 188.2281 67.79931 6.443348
0.42988 0.02651217 0.002056253 0.03932833 0.8855709 6.558843 68.55152 193.4895 77.92328 10.8997 0.6496929 0.0351613 0.002735901 0.0539067 1.157728 8.017764 74.50703 187.2857 92.3609 13.65338 0.9640289 0.05385031 0.004085278 0.06659998 1.280945 9.19955 95.48303 178.8249 99.31051 15.53114 1.177859 0.07527115 0.005833774 0.08811438 1.603814 11.96268 110.255 168.0622 106.047 19.74213 1.470755 0.1173906 0.009338485 0.1311323 2.272225 15.12875 114.8206 166.096 123.7498 23.66279 1.965765
0.1639709 0.01473344 0.1899154 3.451315 20.42539 149.4539 157.3143 129.3056 27.63323 2.485018 0.2249973 0.02006669 0.2675088 4.846384 29.57777 158.3828 150.052 138.1532 36.29254 3.992462 0.2975189 0.03828188 0.3405038 6.059544 40.71333 165.367 143.5356 159.4384 42.3694 4.689142 0.349509 0.04813389 0.4754505 8.341992 56.346 167.5778 136.2914 167.4207 48.65506 7.771723 0.5365536 0.05935926 0.6039756 9.275963 67.98674 173.4481 131.5048 170.6019 55.53336 10.10894 0.7361382
0.0835659 0.8692255 12.43251 80.93212 187.0707 129.8409 179.9016 72.63358 12.59665 1.068946 0.1206772 1.119083 14.85115 103.4387 181.7252 122.2289 179.5187 79.13942 16.70241 1.446797 0.1705265 1.767993 20.42494 128.6254 177.1169 116.2852 174.9577 97.94205 25.27762 2.105865 0.2714922 2.355617 25.2856 158.4098 176.8752 109.0175 174.496 106.9914 29.12339 2.693045 0.4145281 3.209629 31.44002 165.1185 170.9112 102.5416 170.5677 118.6049 32.29732 3.4463 0.5693705
4.857262 41.90423 174.5462 164.2228 96.59714 164.7351 129.5324 39.34103 4.724871 0.7907912 7.483977 53.39979 174.3477 156.0334 89.98743 157.7858 147.9452 44.86285 5.888488 1.094265 9.147709 59.79379 166.6413 149.718 83.62715 147.5678 147.8971 50.1405 7.318554 1.4101 10.86589 69.15185 173.9718 140.5496 78.1309 137.7144 141.2917 53.24559 10.63974 2.069515 14.66971 79.76081 171.013 133.224 73.31791 129.0794 149.4197 61.97946 13.33837 3.504739 18.20772
104.8146 166.0866 126.8379 67.16765 119.9859 160.0428 75.24815 18.39265 5.567042 23.53731 122.9761 162.7126 120.7118 62.08301 113.9548 162.8892 102.2625 21.7323 8.248937 30.74882 132.2447 168.8717 112.8084 56.98875 106.8568 158.9493 111.0602 26.53772 9.255233 35.00714 143.8745 164.3158 104.4192 53.01282 101.5924 153.8483 147.219 33.0885 10.77016 43.95137 154.6194 159.7749 96.37998 49.23497 95.4728 160.0559 169.0511 43.99132 12.16444 50.39505 158.7082
149.9442 89.15178 45.41216 87.71468 155.1654 179.0736 56.59908 15.67758 58.54756 163.6068 142.11 82.03426 41.90946 82.89316 146.6756 197.873 69.58629 18.82238 84.18568 166.397 134.3085 75.31736 38.5337 77.84423 138.6549 210.3085 74.39235 26.21434 111.2064 163.2192 125.9679 69.54648 35.55461 72.2156 149.9931 207.4546 104.5687 33.46283 120.9097 169.1846 121.6921 64.5212 32.88053 66.26722 141.6569 199.1447 125.4836 40.26191 136.4463 167.3732 116.3913
