0 5 0 0 0 0 0 0 0 0 0.04683238 5.743838 0.04651431 9.21553e-05 3.03906e-07 7.551356e-10 1.644801e-12 4.757121e-10 5.945205e-07 0.0001118549 0.2057013 9.09489 0.2223535 0.00154685 3.649422e-06 2.618399e-08 2.062458e-10 2.591654e-08 6.89695e-06 0.001042383 0.3994906 11.75618 0.4781094 0.008772992 8.567587e-05 3.309027e-07 1.670575e-09 2.945996e-07 4.031634e-05 0.004723768 0.6842289 13.94888 0.745327 0.01956192 0.0002944193 2.382689e-06 2.76766e-08 1.384083e-06 0.0001747453 0.0145931 0.9893215
16.39558 1.265015 0.0437337 0.0007742243 1.0045e-05 1.442395e-07 5.601599e-06 0.0005280109 0.02884759 1.252796 17.29206 1.804914 0.0745642 0.001602725 2.956091e-05 5.181791e-07 1.161326e-05 0.001075607 0.04876051 1.686862 23.36691 2.420674 0.114518 0.003679247 8.568576e-05 1.602049e-06 7.348809e-05 0.003541989 0.08175938 2.230657 26.45757 3.700187 0.1981283 0.006213686 0.0001504883 5.23787e-06 0.0001588643 0.005654349 0.1291105 3.406335 28.33811 4.740355 0.2707989 0.01014997 0.0002935183 9.685299e-06 0.0002581361 0.008163701 0.1931046 6.082828 39.56991
7.092653 0.429315 0.01756723 0.0005102617 1.858006e-05 0.0005161273 0.0139882 0.3070923 8.461081 41.24871 8.92293 0.7588994 0.03257561 0.0009526587 4.763859e-05 0.001014095 0.02328728 0.5537944 12.15185 48.96661 11.1819 0.9266479 0.04387532 0.001591874 9.14012e-05 0.001742987 0.03836866 0.8495605 15.75504 56.6818 17.27617 1.665181 0.07822542 0.003146953 0.0001963957 0.002643324 0.05474917 1.225158 19.07375 66.04081 20.91191 2.265955 0.1217291 0.005545749 0.0003173485 0.003876434 0.07995707 1.511566 21.69534 68.53242 24.28406
2.93083 0.1985151 0.009058133 0.0004629466 0.00553356 0.1155396 2.047666 24.69995 77.28014 27.31673 4.346615 0.3564393 0.02024388 0.0008355997 0.007469248 0.1591615 2.712419 34.43133 90.71584 41.42215 5.669035 0.5221842 0.03003902 0.001370029 0.01065052 0.2654353 4.560155 38.22921 93.30766 49.07842 7.747076 0.704723 0.0432294 0.002699536 0.01674173 0.3877286 5.615983 56.28899 97.31477 58.85675 9.778378 0.9557398 0.06373258 0.003849219 0.02570537 0.6236488 10.49104 72.49145 101.523 74.31925 12.7536
1.358964 0.1034378 0.006364824 0.04432683 1.064176 15.36131 82.68052 117.6599 90.00008 16.45938 1.563913 0.1339447 0.01006088 0.08361053 1.679185 21.71005 98.68418 121.6993 113.1711 26.16258 2.530808 0.1869062 0.01410263 0.1457127 3.041517 25.0626 103.6412 163.6048 121.2026 43.31384 4.334677 0.3696094 0.02388254 0.2446606 4.902859 31.43125 123.5875 162.1467 132.1521 57.26132 5.861999 0.6129849 0.04647335 0.4038782 7.02336 42.06061 140.462 171.842 135.7862 80.19303 8.480776
0.9077278 0.09553505 0.5367384 8.657587 52.82806 165.5733 173.5679 148.6187 102.1611 13.01237 1.266087 0.1400289 0.7131015 11.9197 71.85611 197.7403 171.8988 163.3894 126.2066 18.37411 2.033229 0.2380307 1.233753 14.64299 96.31546 236.7963 171.752 172.8227 151.5256 26.32295 3.407659 0.3250017 1.409168 19.4053 138.4632 229.4447 170.9453 184.0672 160.7122 31.45792 5.667478 0.512378 2.551422 32.02514 176.9768 223.6323 166.9777 185.8298 174.8288 38.86836 7.896683
0.7505501 3.53066 44.36104 198.3406 209.5396 160.274 181.4984 187.9787 50.7694 11.56601 1.260603 5.298461 57.72719 215.0256 199.7392 153.5014 175.9755 192.706 72.85004 18.6419 1.860324 6.942846 73.34876 235.5443 195.3854 146.4163 168.5488 203.4871 83.18792 23.53024 2.827236 11.53228 96.50299 236.5499 186.1703 137.712 159.472 200.6532 102.2921 39.07917 4.096778 14.93873 114.7112 234.2208 176.5341 133.0327 150.8117 190.1979 107.5625 56.48562 6.493544
20.65385 131.3197 227.2327 162.4476 124.2487 142.5049 182.3568 129.9022 64.84008 8.514967 25.04088 140.8638 211.3022 149.9597 115.9227 136.8739 176.2066 144.3795 75.89504 11.52905 32.74561 152.0719 196.5419 137.7876 107.3435 128.9313 166.3762 145.1583 88.15209 15.97886 40.46841 176.7642 181.7205 127.1495 99.46526 120.892 157.8059 159.6893 122.659 21.04872 57.36116 174.1865 172.1645 116.7311 91.74144 116.0084 151.2689 160.2316 124.2725 29.02063 67.50818
170.4472 163.2065 107.4812 85.27141 109.0841 146.6362 161.2413 144.7745 38.37126 93.2293 175.1558 153.8726 100.6047 78.98759 100.7404 139.4678 160.6137 154.4463 53.58684 111.546 179.0016 143.0017 92.40312 72.65107 93.79713 130.4696 163.649 155.8786 68.15005 124.6397 175.2061 133.4033 85.35269 66.52982 87.20285 122.2099 172.5894 167.068 83.87988 135.9439 175.3873 122.9044 78.06515 61.52084 83.18544 113.2625 169.7603 175.0043 95.56137 160.7856 169.9636
113.2614 71.66103 56.84958 77.37708 105.4169 166.8368 185.0777 110.3125 174.7805 164.448 105.6217 65.36445 51.99918 71.72873 98.80972 160.288 187.7873 116.1488 175.8582 161.006 96.95344 59.92853 47.44721 67.4303 91.7719 156.0584 194.6463 142.6078 179.8275 155.2346 89.36933 54.84079 43.66618 62.67411 84.9653 153.598 191.1557 158.1253 176.5497 146.7465 82.13633 50.50366 40.18659 57.74802 79.5142 145.8897 191.3707 192.3461 175.8306 139.9826 75.44955
