0 5 0 0 0 0 0 0 0 0 0.07607937 6.390665 0.07893531 0.0004218348 5.811398e-07 2.132362e-09 1.587941e-12 1.702852e-09 1.007059e-06 0.0003320797 0.2329784 8.791466 0.2229025 0.002411364 2.152683e-05 9.653034e-08 5.146379e-10 4.781473e-08 8.220892e-06 0.002434703 0.4524354 11.32328 0.4390653 0.008310327 0.0001109838 9.043884e-07 7.783367e-09 2.19302e-07 7.063509e-05 0.008106223 0.6407782 12.24913 0.5718513 0.01374058 0.0002438203 3.228941e-06 5.692835e-08 2.172249e-06 0.000253431 0.01718499 0.9127523
13.50496 0.7501314 0.02090354 0.0003937218 5.86681e-06 1.74893e-07 5.211227e-06 0.0004107092 0.02803303 1.202104 16.94847 1.146745 0.04058016 0.0009169303 1.510906e-05 5.109238e-07 1.25835e-05 0.0008613209 0.04233257 1.920043 26.59664 1.888768 0.07398827 0.001982503 3.44673e-05 1.022527e-06 2.794017e-05 0.001515645 0.06441785 3.201928 48.01378 3.42075 0.1190057 0.004084944 9.89857e-05 2.259126e-06 5.436614e-05 0.002483661 0.09257852 4.693289 68.60234 5.929072 0.2056135 0.005992096 0.0001467718 4.422584e-06 0.0001026846 0.005197191 0.1646955 7.682963 119.609
10.62189 0.3623687 0.01046703 0.0002633428 9.169561e-06 0.000207184 0.01129083 0.2986094 11.14835 151.6943 16.08608 0.7028244 0.02094757 0.0004700955 2.072106e-05 0.0003760022 0.01609709 0.4253114 15.38758 161.5666 19.902 0.9922553 0.0347041 0.0008326754 4.090372e-05 0.000822128 0.02689919 0.6842936 19.52775 176.8686 28.29053 1.564855 0.05467833 0.001668256 0.0001142369 0.002202139 0.0528314 1.111576 23.70067 192.1233 33.22011 2.080609 0.08171449 0.00256972 0.0001950871 0.003527538 0.07443925 1.473536 33.26772 204.8776 38.92017
2.999898 0.1426204 0.004429812 0.000301824 0.005014462 0.1017431 2.124045 41.25575 201.1922 45.22329 4.645968 0.239377 0.008730384 0.0005292338 0.007855453 0.1925224 3.18514 60.03569 209.2451 64.92183 7.692938 0.354274 0.01262902 0.001037153 0.01560294 0.368378 5.8008 66.66719 208.4715 87.05824 10.5006 0.523411 0.01906456 0.001506755 0.02653012 0.6293702 7.511826 80.91971 201.8049 93.69975 14.46194 0.7777639 0.02945975 0.002258637 0.03802028 0.8926886 10.37479 94.58103 193.6019 100.0758 20.78636
1.379554 0.05443955 0.00334097 0.04832259 1.03764 12.98715 105.1305 182.2084 108.3624 25.11134 1.754769 0.07360067 0.005669943 0.08698629 1.421922 15.62523 117.3879 170.2553 114.5673 30.16598 2.282035 0.1033937 0.008415513 0.128024 1.915156 19.43368 125.3243 162.7892 129.6354 37.30289 3.303626 0.182236 0.01324431 0.1972515 2.913994 28.05859 136.7489 153.5048 135.04 42.98949 4.062759 0.279661 0.02152053 0.2716567 3.42458 34.38727 169.6233 149.1991 141.1248 50.5333 5.514283
0.4087923 0.03379053 0.3552207 4.156721 41.64454 183.6646 138.6141 153.9466 71.36189 7.968494 0.5072197 0.07078354 0.5222443 5.227257 51.34144 177.4773 129.3664 155.152 84.55436 11.40283 0.6596557 0.09245649 0.7179102 10.41176 66.61738 180.3407 121.2508 159.0567 100.2717 16.12221 1.001818 0.1467513 1.004498 14.82425 77.99078 179.6023 113.5471 166.7532 113.9933 19.48355 1.540697 0.1904789 1.413583 19.18055 85.97939 189.3936 104.1757 159.3781 116.8496 24.35695 2.028968
0.3639426 1.927299 27.52774 108.047 176.9338 97.49474 151.5909 132.2335 28.60753 2.356904 0.6096713 3.391283 31.67128 123.0836 171.5918 89.73762 144.4477 144.1063 35.47841 3.472946 0.8177843 4.762387 38.2132 129.7389 162.9942 84.71097 141.2775 158.7439 40.47203 5.344614 1.126884 7.187615 46.50543 142.8118 154.1246 78.06726 142.7427 183.8378 51.99415 7.195799 1.436147 8.562934 51.19488 149.1919 147.9581 71.92931 136.4752 190.9545 59.61047 9.583746 2.200511
11.84324 62.80316 150.3633 139.6819 66.08935 130.2166 194.3161 70.56873 12.23806 3.376222 17.7227 74.81086 147.2672 131.7146 61.01988 130.4002 201.0571 85.70432 18.02659 5.920424 24.6383 87.36505 151.5958 125.5676 56.37277 125.9082 192.2595 91.76747 25.47536 8.636473 31.03075 92.76965 150.1746 116.7315 51.62682 120.3206 188.3029 118.302 32.15154 10.73361 38.18251 105.3102 150.6982 108.2208 47.33539 111.4968 180.0798 138.406 42.98168 12.84188 41.26443
106.9213 147.2124 100.9321 43.26142 103.854 175.1562 146.2912 64.76632 17.74137 52.76087 115.225 162.6175 96.09117 39.55109 97.54517 165.3995 158.4703 116.7142 23.38039 58.98479 135.7839 163.7274 89.73716 36.38506 92.47267 158.1373 171.3741 138.0215 33.28034 65.64289 149.9646 164.0045 82.90232 33.23794 85.96095 146.6854 186.0055 161.0511 43.61542 82.54395 150.8623 154.0895 76.30627 30.29228 80.39637 136.9624 196.3287 171.1495 52.86016 89.45881 174.1304
144.1493 70.13455 27.74931 76.70455 128.2732 194.9117 177.3417 65.80093 112.6558 170.2327 135.6867 64.93384 25.42744 71.62697 118.8962 192.4003 188.8963 74.67292 132.8728 181.5106 135.8143 59.78147 23.18344 66.20382 110.3277 189.0548 189.8698 87.62709 138.788 179.4051 127.832 54.9487 21.23927 62.81347 101.4777 177.2547 182.985 96.9825 161.4547 183.8787 119.7727 50.93923 19.39286 58.24876 93.44145 167.1219 184.4237 110.6753 162.6641 176.6063 112.3313
