0 5 0 0 0 0 0 0 0 0 0.06048366 5.925432 0.05806369 0.0002844365 9.609181e-07 6.797001e-09 9.782403e-12 2.097533e-09 1.406414e-06 0.000386847 0.2805379 10.67083 0.2607221 0.0009111452 5.524458e-06 3.35135e-08 4.718263e-10 1.108233e-07 9.714071e-06 0.00167825 0.5992785 15.0681 0.6197581 0.00908344 6.704248e-05 1.817365e-07 2.583201e-09 2.945058e-07 3.163175e-05 0.007278951 1.054938 18.09222 1.026109 0.02196495 0.0001944802 1.292241e-06 2.079452e-08 1.381358e-06 0.0002584886 0.02479352 1.670767
21.05201 1.598221 0.0461488 0.0005835754 5.439913e-06 1.270315e-07 1.033282e-05 0.0007499124 0.05073322 2.460346 26.40894 2.312144 0.0747976 0.001297011 2.040562e-05 5.319336e-07 2.874989e-05 0.002207347 0.1020171 3.983303 31.64844 3.189538 0.1182684 0.002325202 4.237326e-05 1.403139e-06 5.554579e-05 0.003586857 0.1726219 5.478864 34.25927 5.089057 0.2207533 0.005928972 0.0001371957 3.079743e-06 0.0001639402 0.007496131 0.2620621 6.716056 38.32867 6.448237 0.327626 0.00999137 0.0002474168 1.096021e-05 0.0004414177 0.0134758 0.3339451 8.683392 51.33438
9.035661 0.5114919 0.01859326 0.0004965771 2.658811e-05 0.000731329 0.02738411 0.7015185 11.61171 71.24202 13.09696 0.862226 0.03824573 0.001125534 5.678939e-05 0.001805144 0.06347089 1.166632 15.47143 82.96275 18.11565 1.461509 0.06619118 0.002048787 0.0001097783 0.003198335 0.09578852 1.525586 17.95228 111.0924 25.43894 2.098763 0.1203182 0.003790978 0.000172738 0.004294057 0.1203171 1.94105 23.04241 140.196 31.96877 2.968804 0.183951 0.006881927 0.0004350045 0.007915607 0.1715849 2.64011 26.80279 158.8053 40.95016
4.233757 0.3282166 0.01490018 0.0007705965 0.0118986 0.2482183 3.34511 32.28577 171.7244 47.82159 6.097206 0.4626041 0.02016144 0.00123075 0.01740348 0.4006244 5.803522 40.14126 207.7282 59.17117 7.635314 0.7126103 0.03211242 0.00164608 0.02241485 0.4902692 6.88204 48.62361 217.8281 75.66496 11.14343 0.9742215 0.04559072 0.002575361 0.0338869 0.6677648 8.831472 73.03704 220.9936 83.66103 15.4471 1.271566 0.06027513 0.003664401 0.04535242 0.9072749 13.47383 98.22477 218.2254 103.1633 22.12391
1.796681 0.103165 0.007282648 0.0876544 1.661196 19.96819 104.3712 212.561 131.2556 33.14414 2.52856 0.1839785 0.01446418 0.1168053 2.125594 25.67995 114.1666 201.991 136.3048 39.63785 3.09382 0.4379799 0.02867277 0.1623429 2.591254 32.49102 132.6952 192.8375 165.0767 47.57104 4.842259 0.6178953 0.04277119 0.2287178 3.464809 37.53829 151.2942 179.5037 167.2931 56.75067 7.91549 0.997947 0.07245797 0.304151 4.110737 41.34321 157.2124 175.0612 194.1886 66.77829 11.06638
1.231293 0.1065773 0.3788488 4.852315 43.87352 165.2507 165.7712 212.9093 84.07219 14.33552 2.042162 0.1608102 0.5079184 6.310334 46.95572 182.3752 154.5171 210.2006 97.37916 18.02089 2.485167 0.241678 0.7496207 7.797544 58.24007 180.5746 142.6554 205.85 102.6469 22.4961 3.728076 0.3887597 1.168135 11.10282 65.67464 180.1237 131.0793 202.0351 105.6572 32.09284 4.785837 0.5401769 1.660232 14.28589 81.97918 191.037 120.6959 194.8278 120.4635 44.04199 6.415175
0.7851128 2.119197 19.81279 103.7866 186.0796 110.5226 184.8048 133.8146 59.26649 8.884993 1.086205 2.536055 25.07383 135.6304 175.3851 101.4513 174.7217 140.3342 65.81151 10.45074 1.619183 3.216858 31.3938 155.9153 165.9733 94.2666 165.1043 149.0959 83.17808 13.24352 2.264927 3.99276 35.71755 169.1261 160.0108 86.66728 153.8033 148.7794 103.4558 17.50817 3.977553 5.726908 45.15255 183.4877 152.4249 79.72519 144.2779 154.4417 116.5832 23.7125 4.660814
7.07274 63.72331 197.1795 143.6078 73.47055 135.7679 179.1762 131.4946 29.22223 5.453684 9.15794 89.26658 195.4565 137.6402 68.14995 127.5548 177.8124 133.0073 33.75449 7.165432 15.79813 116.9656 196.0648 128.5736 62.32043 118.2382 186.8527 166.2183 45.35426 9.634575 22.52481 136.2804 192.2294 121.3943 57.32501 111.1177 186.3887 178.1053 53.63685 12.45639 28.61638 145.2673 189.4899 113.2375 52.25987 101.6528 177.1873 182.1345 57.41218 14.36022 33.45898
163.4896 182.8852 108.1543 47.77703 93.3193 169.9359 186.0147 65.66747 16.54582 40.5774 181.9139 174.0957 100.0174 43.59348 86.17799 165.5873 187.1395 84.04291 23.52674 50.35939 193.9194 166.7233 92.24548 40.00724 78.93071 155.0892 187.4521 101.1684 26.35859 63.65044 195.3868 160.0564 84.92436 36.60056 72.32881 144.5128 191.4403 133.6623 38.90847 77.49519 190.3376 149.5197 78.61361 33.46636 66.22 137.2422 181.0269 155.4971 47.76547 94.92252 198.9079
140.5897 72.46442 30.54536 60.32938 128.0245 179.3805 180.1588 60.77577 112.904 192.0045 132.3257 66.60658 27.94998 55.11151 117.5368 168.3446 190.6023 72.61393 124.6435 180.6989 122.3276 61.34589 25.52991 50.34666 110.1302 163.1837 205.3221 87.56379 130.2514 169.5533 113.5527 57.53635 23.33541 46.1142 102.1959 157.364 202.3021 99.30993 138.5733 164.8185 105.0258 53.1298 21.32659 42.15295 93.69576 147.5936 200.2438 109.3871 157.0646 160.298 98.24172
