0 5 0 0 0 0 0 0 0 0 0.06141152 6.077852 0.06017324 0.0001516698 4.095695e-07 1.041673e-09 1.818091e-12 3.815917e-10 5.796468e-07 0.0002011453 0.1205756 6.703197 0.1173315 0.0009516184 5.388855e-06 1.87046e-08 2.05739e-10 6.745186e-08 1.300259e-05 0.001244033 0.2237908 8.003822 0.263818 0.004800203 3.711876e-05 1.289285e-07 3.786252e-09 3.804058e-07 4.850467e-05 0.003542945 0.350983 9.159054 0.5140379 0.01356023 0.0001112262 5.785463e-07 1.498297e-08 1.510401e-06 0.0001125181 0.007170803 0.5685422
12.95051 0.8918322 0.02974548 0.000447359 2.84735e-06 5.712668e-08 2.863189e-06 0.0001619072 0.01029 0.7687065 14.14612 1.214141 0.04817312 0.0009059275 8.933107e-06 1.54735e-07 4.75867e-06 0.0002416254 0.01709273 0.9707704 15.08916 1.592916 0.075965 0.001829848 3.06179e-05 5.72473e-07 7.151189e-06 0.0004282315 0.02682097 1.448375 16.90721 2.637764 0.1191411 0.003056713 8.43044e-05 1.5927e-06 1.991348e-05 0.000946518 0.04832341 1.919499 20.37083 3.256141 0.2072735 0.006427167 0.0001525356 4.096649e-06 4.08013e-05 0.001817439 0.07197622 2.183138 21.45339
4.133709 0.2990039 0.01099386 0.0002595498 6.959177e-06 8.402181e-05 0.003071423 0.09470964 3.033506 24.62185 5.24221 0.4842777 0.01785044 0.000366881 1.702904e-05 0.0001528837 0.004741241 0.141731 4.089761 28.28265 8.809399 0.7620958 0.02848811 0.0007191712 2.886322e-05 0.0002203281 0.007713978 0.2242992 5.933354 32.50783 11.38717 1.033559 0.04140069 0.00108796 4.641655e-05 0.0003875659 0.01444515 0.3818054 6.716388 38.69435 16.47303 1.593299 0.06731814 0.001755401 6.769349e-05 0.000714907 0.01973289 0.4654012 7.532663 44.52201 19.6111
2.500555 0.1332846 0.004468949 0.0001514686 0.001250724 0.0277494 0.5336905 9.336774 49.80881 26.06758 3.609896 0.1998276 0.007551671 0.0002657231 0.002059105 0.04457828 0.7142967 10.86387 56.74881 34.68247 5.175045 0.274322 0.01383279 0.0005613169 0.002672157 0.05433914 0.8604076 13.75835 65.10351 38.25138 6.268346 0.4211772 0.02126756 0.001074176 0.004461785 0.08459584 1.159196 17.62633 69.03111 65.26246 10.22193 0.6598957 0.02906204 0.001937859 0.006478328 0.1265215 1.921621 21.05121 83.82576 75.18926 13.25667
0.8852498 0.04081808 0.002821982 0.00979721 0.1593568 2.134097 24.18267 88.03255 80.86053 15.16084 1.340873 0.07119706 0.005414863 0.01419289 0.2075423 2.708461 26.978 94.35566 87.2473 19.46063 1.835147 0.09601735 0.007892066 0.01990365 0.2536792 3.293512 29.87276 96.63224 97.85159 26.21704 2.515822 0.1372312 0.01123998 0.03205395 0.3481162 4.44735 38.17607 98.22639 126.2235 37.72009 4.005523 0.2370934 0.01800457 0.04543171 0.5549043 5.988258 48.07428 113.9625 135.477 63.77118 8.410941
0.3978362 0.02596199 0.06115387 0.8250023 7.781374 64.03687 121.2348 144.4444 79.05666 17.01428 0.7675904 0.03505618 0.08027611 1.194285 10.41436 68.40997 129.8165 173.8636 96.47001 20.2697 1.073858 0.05659809 0.1235756 1.448855 12.12451 75.56959 132.5561 174.6582 106.5096 29.89588 1.881848 0.08410231 0.1507315 1.839052 15.93332 87.12225 142.8592 179.8039 122.5532 36.77287 2.78492 0.1369384 0.2200193 2.923943 34.92086 96.05433 144.4882 183.9523 128.5704 46.38076 3.797203
0.1815112 0.3113939 3.821013 44.80631 103.7372 142.062 183.2103 151.7806 63.28191 5.852335 0.2898021 0.4330059 4.67685 49.6252 127.8354 153.706 189.3576 179.8573 75.46733 7.189537 0.3834431 0.7969703 6.356748 57.5809 132.4437 151.5819 186.521 183.4894 81.37885 9.425919 0.7324043 0.973172 7.776857 73.57606 135.9658 156.6398 187.7075 189.531 111.6715 13.73871 1.146899 1.373547 11.08892 83.89709 144.0114 158.9555 177.453 184.2815 138.0743 25.42083 1.752807
1.689068 13.24209 90.63141 162.1459 152.021 168.3624 185.9069 138.5582 45.1633 2.969205 1.957085 15.97052 110.9767 163.7692 147.071 161.4599 188.8357 151.3945 65.47663 4.400722 2.471944 18.48614 124.7625 161.386 141.9758 150.1401 180.1287 158.5064 89.88418 6.956258 3.314729 23.32335 136.6478 170.5524 135.2586 142.2141 170.5051 164.9489 95.30402 8.743006 4.582866 28.58761 152.3617 169.769 125.2801 130.2579 161.5447 171.7513 111.1625 11.37982 5.974728
33.52153 164.1956 162.4455 121.284 121.3524 153.8238 176.7953 128.2711 13.23248 7.176925 44.34929 177.2357 162.2882 116.3288 112.7463 144.9316 180.3397 146.826 17.76846 10.1863 59.94561 181.4108 159.1103 108.2525 104.605 137.3112 188.67 153.8408 22.51443 13.98839 68.77395 179.6587 151.8327 99.72252 95.89889 129.345 185.2853 156.7531 27.97332 19.11044 90.61509 178.3153 147.4387 92.45718 88.41844 121.177 184.3544 156.495 32.07155 22.23329 108.5138
181.1659 138.3083 86.5319 81.86947 113.0431 178.1836 161.447 38.52637 25.58566 123.1321 173.8562 128.7223 79.97457 75.84289 107.138 167.6985 162.8934 45.19477 45.10541 128.3076 167.1673 122.4702 73.35957 69.60915 99.19001 157.0323 168.8328 51.99859 57.69049 145.1932 165.3983 113.132 67.07433 63.76735 94.73805 146.9255 170.35 56.32721 63.0012 151.413 157.9734 104.722 61.7273 58.43849 89.04916 138.8492 172.468 87.03209 70.28369 157.0361 149.938
