0 5 0 0 0 0 0 0 0 0 0.07106056 6.325753 0.08223265 0.0006410394 1.214428e-06 2.633267e-09 5.336291e-12 3.027663e-09 7.568968e-07 0.0002289115 0.238647 9.544511 0.2860437 0.003451557 1.240575e-05 7.076005e-08 4.904643e-10 6.332641e-08 1.524375e-05 0.001843703 0.4324545 12.00364 0.4956436 0.008305823 6.269366e-05 5.192107e-07 4.601812e-09 4.07201e-07 4.977759e-05 0.005794309 0.6491551 14.57985 0.7296072 0.01580775 0.0002344528 3.134765e-06 3.578649e-08 1.862891e-06 0.0002141319 0.0133288 0.8904312
17.23134 0.9924277 0.031661 0.0007636052 1.079557e-05 1.92946e-07 8.735187e-06 0.0004683767 0.02109342 1.265126 20.89176 1.406123 0.04860295 0.001421643 2.929013e-05 5.874648e-07 1.53174e-05 0.0007062573 0.03387577 1.871061 24.89833 1.898866 0.07022547 0.002466929 6.373502e-05 1.540432e-06 3.874165e-05 0.001491337 0.06237968 2.636109 30.1789 2.829268 0.1089422 0.003589523 0.0001419649 4.7374e-06 5.717536e-05 0.002439821 0.1006719 3.130978 34.5332 4.252417 0.2072307 0.006114964 0.000235783 1.278754e-05 0.0001212069 0.00515391 0.1533565 6.779014 42.89846
5.116616 0.3014598 0.01032281 0.0003440867 1.953736e-05 0.0002503959 0.008900235 0.3158456 9.577868 52.5828 6.351915 0.3878242 0.0156147 0.0005374864 3.121421e-05 0.0003745114 0.01279032 0.4556546 12.20457 66.46039 12.58729 0.7115402 0.02528643 0.0009827852 5.723493e-05 0.0005607897 0.01958868 0.6339362 16.59394 76.8955 18.04603 1.123749 0.03925436 0.001912358 0.0001171296 0.001154892 0.04028014 1.021203 19.03008 97.00477 23.21741 1.606657 0.06908401 0.003815037 0.0002156186 0.002159731 0.07030693 1.478553 25.6134 98.4972 29.72419
2.296147 0.1035131 0.005942103 0.0004322024 0.00440166 0.1210447 2.365856 28.74239 104.9017 50.472 3.967406 0.1588278 0.007605803 0.0009408742 0.008996329 0.1918729 3.603725 35.84597 118.278 64.18947 6.939215 0.3180385 0.01264519 0.001375125 0.01484723 0.2641502 4.352125 47.12863 135.3565 108.424 11.3214 0.47021 0.01703139 0.001839981 0.02732761 0.5152843 5.881724 57.24187 144.0205 134.4574 16.01964 0.6806607 0.02322879 0.003092347 0.04234594 0.8263694 8.913226 86.30281 169.0983 135.7319 23.86852
1.116011 0.0335724 0.004388833 0.05938855 1.051793 12.22073 97.92936 162.5807 145.1792 35.0058 1.670698 0.04492924 0.006766647 0.08799519 1.59477 16.067 118.8182 166.0295 164.291 42.88738 2.143872 0.0640663 0.009082202 0.1307421 2.015338 18.63837 124.7326 161.8198 180.553 56.18957 3.503851 0.1217818 0.01451085 0.1914249 2.680808 20.22479 139.7471 163.3031 194.1664 66.66505 5.672475 0.2062523 0.02115496 0.2823223 3.608286 22.34975 159.4027 165.7774 199.4819 70.30036 7.591697
0.3425349 0.03118785 0.3969082 4.570279 29.82699 188.8923 164.7022 192.5105 85.01757 12.31849 0.6189038 0.05252526 0.5587794 6.243466 39.6718 208.3118 160.6997 184.4748 98.14164 18.32745 1.002141 0.1054868 0.8773019 7.391494 45.68007 206.618 155.7607 181.3955 147.4841 26.21984 1.744648 0.1614705 1.063422 9.062553 58.20516 201.9138 152.3794 179.2303 168.4383 35.59479 2.652359 0.269852 1.851248 12.61804 64.40422 191.2777 144.1715 170.6968 205.5259 54.41551 3.73796
0.4003176 2.166991 14.99343 72.91112 180.4553 137.9797 163.07 202.0991 65.61062 5.333159 0.5134446 2.678321 18.46991 83.0631 178.5564 129.8551 160.2818 201.2368 82.5638 8.032341 0.7176491 3.525239 22.23335 109.4981 170.1322 121.1384 152.9583 206.7922 93.58512 11.17312 0.9738037 5.999337 28.41172 134.1803 161.8282 112.0138 147.9578 205.1703 105.547 15.32812 1.628646 7.587423 36.47088 137.7098 161.3347 103.7478 141.2109 202.9663 126.6608 22.82426 2.987665
10.02588 55.50058 162.636 151.8071 96.46726 132.7156 216.7728 158.9735 28.79667 4.77331 13.17554 77.37722 182.089 147.0191 90.21597 123.9885 203.546 175.3757 33.51012 5.518467 17.59831 96.6668 184.293 138.0047 84.7011 117.5477 195.9269 176.3743 45.57773 7.723454 24.79618 116.9471 180.1938 129.0596 79.29042 108.1744 184.9973 183.0019 60.12336 10.93994 32.28211 120.2999 178.4064 121.1131 73.82471 100.7027 170.1364 186.878 66.95995 14.1084 45.69559
132.5642 176.3856 112.0677 68.43896 93.04238 156.4995 188.697 77.049 16.79419 56.73265 135.7284 174.0277 102.926 63.32235 85.34724 143.4094 196.8607 93.95604 22.69324 71.44686 160.9373 169.4985 94.85642 58.83391 78.22284 131.7736 194.3357 102.74 25.34381 83.82107 173.4922 161.5979 87.39492 54.87092 72.02108 122.6682 183.8261 120.6366 31.70693 93.9894 172.578 160.341 81.41412 50.91834 66.3952 112.3014 176.8329 144.9695 41.59619 108.9742 180.9482
154.5125 74.60811 47.67643 61.62747 103.138 170.5412 152.2719 55.43238 129.2846 181.1772 145.6337 68.56847 43.9269 56.17257 94.07943 162.6206 165.3574 67.63913 137.9314 183.7851 136.3778 62.49375 40.58959 51.87993 85.73859 151.9748 170.9926 83.76932 164.182 181.2882 128.658 57.5421 37.76 47.96533 78.72644 147.7839 179.5163 108.8348 179.2529 181.323 120.6782 52.78939 34.63397 43.81741 71.87919 138.7665 191.9011 132.5244 195.669 175.2649 113.4237
