0 5 0 0 0 0 0 0 0 0 0.1302907 7.414219 0.1103989 0.0002187941 4.355658e-07 1.263723e-09 1.094499e-11 2.528089e-09 1.723034e-06 0.0009643846 0.2225775 8.599971 0.18746 0.0010084 5.763224e-06 1.647562e-08 3.472912e-10 1.377106e-07 2.581757e-05 0.002733951 0.34454 9.462683 0.2815353 0.003217186 2.732139e-05 1.974723e-07 6.43806e-09 9.29684e-07 0.0001231953 0.007665696 0.5750587 11.42115 0.4441867 0.007749225 0.000124337 1.557595e-06 2.992143e-08 2.385816e-06 0.0002061535 0.01432759 0.8460661
13.77115 0.7218575 0.01897592 0.0003463945 3.944868e-06 1.19885e-07 5.936938e-06 0.0003686376 0.02339349 1.263059 19.4222 1.083996 0.03125396 0.0007158329 9.864157e-06 3.432514e-07 1.818737e-05 0.0009089536 0.03794732 1.594366 21.69983 1.399187 0.04167735 0.001191704 2.814968e-05 1.180863e-06 4.026014e-05 0.001952198 0.06579695 2.007873 25.87096 2.278767 0.07592183 0.001853007 5.549306e-05 2.550202e-06 7.938756e-05 0.003074487 0.08503544 2.883067 33.01321 3.496302 0.1325988 0.003425644 9.921568e-05 6.272806e-06 0.0001272315 0.004445747 0.1229213 3.607673 42.17016
4.92379 0.2326367 0.006526566 0.0001742653 1.305475e-05 0.0002346821 0.008336206 0.1940229 5.009065 44.48363 6.533968 0.4197499 0.01472584 0.0003514165 2.204672e-05 0.0003637034 0.01329096 0.3212697 6.910228 54.70532 8.809463 0.6683433 0.02722968 0.0008228551 4.528871e-05 0.0006203719 0.02476661 0.5458304 9.036081 60.24211 10.50368 0.9186478 0.04425879 0.001589036 8.901713e-05 0.001103497 0.03932446 0.8032013 17.74141 78.24249 13.36114 1.058811 0.05544576 0.002826974 0.0001537085 0.001632516 0.05362841 1.24949 22.56594 89.41532 18.70843
1.520722 0.07652645 0.004540623 0.0002718969 0.002494057 0.07288963 1.646749 27.19929 107.2922 23.21346 1.865291 0.1061555 0.007218517 0.0004220275 0.004196781 0.119442 2.270661 31.93371 120.5966 30.08276 2.709608 0.1419275 0.01248266 0.0007914664 0.006279651 0.1518394 2.79661 37.32769 129.3851 41.0421 3.527984 0.1889618 0.01602129 0.001156725 0.009060143 0.2342473 4.373647 47.12357 142.8886 47.09851 4.935826 0.3041877 0.02251487 0.001586709 0.01149227 0.3294483 5.907036 51.48801 145.8684 54.1777 7.282192
0.449295 0.02901857 0.003049705 0.01745098 0.4393845 7.419635 56.25981 142.9636 55.84181 9.340336 0.6496311 0.04457817 0.004218786 0.02486456 0.6596274 10.61526 64.48965 167.9357 67.19896 12.32082 0.7994913 0.05478721 0.006004851 0.04457302 0.9600839 12.76101 74.14008 168.2912 77.43161 14.09014 1.0075 0.08305884 0.009457502 0.06325948 1.285414 16.58845 83.35457 168.1955 88.37566 17.21958 1.604875 0.1125679 0.01321055 0.09185201 1.647328 18.61283 94.52955 163.1894 102.4096 22.05168 2.985414
0.1696757 0.01659015 0.1239528 2.329545 29.44833 101.9769 165.3499 109.6049 29.2905 4.541241 0.2622924 0.02677446 0.193481 3.05974 38.50818 116.4823 164.7559 126.9895 39.51683 5.874598 0.4338442 0.05530694 0.3656077 4.250119 43.57524 148.6601 164.8646 134.6686 47.60047 7.31822 0.6164763 0.09886511 0.5748167 6.400166 63.26058 150.2176 168.2234 157.0303 60.60552 9.029971 0.8274301 0.1578621 0.8273866 10.58395 77.27517 171.8138 159.3389 156.097 71.37468 13.04175 1.1201
0.2093747 1.252513 16.77298 87.95145 174.8138 150.2445 157.936 79.07393 16.45159 1.657392 0.2702196 1.884401 23.73075 99.85622 185.3654 142.8443 160.5013 96.32161 20.18255 2.467488 0.3245659 2.449986 31.24171 130.4324 178.0652 133.8485 158.5296 129.7855 26.84071 3.837672 0.4402224 2.816877 36.49679 145.5594 186.059 127.1298 172.7736 144.0827 33.7581 4.842929 0.5519787 3.937679 50.41024 147.447 183.7352 118.2734 171.6668 151.3571 39.89344 6.830324 0.7587923
5.745724 68.90701 164.2315 180.189 109.8025 170.6624 176.0013 47.10446 8.677823 1.083213 7.221984 78.88315 185.6074 180.8305 101.6966 165.7028 188.4478 56.88432 11.35194 1.804099 11.06989 89.91461 195.4878 175.6472 93.90094 161.5333 192.9898 76.35333 14.21916 2.5307 15.24243 105.011 215.9341 165.2319 86.83129 155.1973 196.6276 85.85582 18.10415 3.120665 19.26925 122.6559 215.8456 155.3181 80.45151 148.9962 197.0195 91.00186 23.02495 4.472525 27.2372
126.7969 207.01 144.0994 74.23194 139.9859 214.9539 103.1706 29.93271 5.885477 36.97869 152.8763 198.7336 133.8514 68.13567 129.9027 207.7967 111.9559 37.27357 7.671356 43.80317 177.8746 187.0583 123.8583 62.65896 121.0583 205.2106 120.8824 53.0311 10.14645 47.26785 180.0209 181.7841 116.4001 57.7519 112.2984 193.2342 125.0536 56.86214 14.96745 52.67714 182.6951 172.3348 107.3096 53.03415 104.2097 183.275 136.5314 59.31617 18.76541 64.19717 192.8142
159.3857 98.28327 48.74754 96.97712 168.6147 139.9438 65.60048 22.56439 82.87051 196.3886 151.3141 90.49014 45.00269 90.20797 155.723 139.8132 77.32947 27.73704 95.15054 210.0576 140.6964 83.1052 41.38172 85.41316 145.0211 143.965 77.36565 45.78397 118.2069 211.6269 129.7095 76.2606 37.94362 78.57042 134.8569 156.2153 85.04851 56.54857 128.8975 206.7621 119.1152 70.12127 34.60314 72.21316 124.4351 151.5112 97.16917 75.08618 148.9754 195.6926 110.7783
