0 5 0 0 0 0 0 0 0 0 0.05455512 5.927604 0.05689078 0.0002419237 9.111721e-07 1.776613e-09 1.415561e-12 3.853515e-10 2.38746e-07 0.0001407712 0.1225682 6.927247 0.1509173 0.001991714 1.010815e-05 2.181747e-08 1.227988e-10 9.682144e-09 2.742713e-06 0.0007817373 0.246109 8.715668 0.3395011 0.006439244 4.1015e-05 4.682421e-07 2.061383e-09 1.897145e-07 1.607438e-05 0.002617558 0.3480107 9.706323 0.4857196 0.01219224 0.0001653337 2.445821e-06 2.427441e-08 8.025504e-07 8.60916e-05 0.006048029 0.7028539
15.44782 0.9667343 0.02467842 0.000356351 5.973496e-06 1.192306e-07 3.350248e-06 0.0002595813 0.0144209 1.10404 20.9042 1.524157 0.05109284 0.001040954 1.541441e-05 3.741024e-07 1.20824e-05 0.0006783206 0.02778539 1.795464 26.81329 1.961035 0.07629432 0.00209855 4.164407e-05 1.218015e-06 2.859007e-05 0.001532253 0.05996043 2.487869 30.65094 2.514303 0.1048555 0.002950965 5.976093e-05 2.832975e-06 5.422867e-05 0.002704859 0.09961159 4.498691 35.97638 3.587845 0.1654163 0.005174997 0.0001187126 6.912777e-06 0.000125561 0.004473524 0.1847084 5.237805 48.54019
5.894494 0.3112172 0.009213566 0.00018305 1.180194e-05 0.0002415684 0.008473242 0.2358663 6.573165 61.19555 8.467718 0.5069336 0.01584536 0.0003074305 2.365651e-05 0.0005562753 0.01489881 0.3522309 9.486176 69.80292 9.93076 0.6323196 0.02582139 0.0006329211 4.585552e-05 0.0009268744 0.02636703 0.6186425 10.45973 70.80904 11.36794 0.8433407 0.04154146 0.001205921 6.637375e-05 0.001320352 0.0361847 0.7499247 12.25554 73.03783 14.90807 1.293224 0.07949323 0.002502971 0.0001402833 0.002150923 0.04603425 0.9449805 14.62072 97.16906 18.32313
1.579806 0.1418733 0.006150673 0.0002904333 0.002998125 0.05425411 1.086733 19.098 105.7783 20.39379 2.128899 0.2268383 0.01046248 0.0004620004 0.004928928 0.09000764 1.802998 27.48039 106.9722 29.41231 2.998046 0.3096558 0.01661704 0.0008418592 0.007190745 0.129443 2.708579 32.61023 112.5169 38.59797 4.358841 0.4872752 0.03089071 0.001542858 0.01166156 0.2021405 3.727689 41.88059 131.4762 48.55219 5.763925 0.702748 0.0464631 0.002556479 0.01983737 0.3039275 5.448978 62.76088 141.7271 53.34293 6.947601
1.051589 0.07350538 0.00439805 0.03756312 0.5585225 8.832654 93.8103 158.6062 62.41572 9.427339 1.453786 0.102091 0.007921874 0.06389308 0.7818866 12.06633 112.3274 178.6852 86.52769 12.93948 1.753076 0.1545771 0.01392911 0.1030411 1.101063 17.24668 125.7838 181.232 88.29551 14.21661 2.170726 0.3377378 0.02383677 0.1539347 2.102454 22.32847 146.8166 183.5341 96.78899 16.89642 2.675728 0.4781407 0.04218759 0.2048964 3.130981 33.97515 147.8725 181.2887 102.2508 20.49569 3.464139
0.6176625 0.06498944 0.2630869 4.463184 54.37974 165.3276 178.3308 112.3975 24.04653 4.524581 0.8278599 0.07863761 0.3169647 5.575947 66.26334 183.8288 171.8412 132.7748 32.75998 6.135784 1.441545 0.1208273 0.5357486 6.417914 70.22791 194.5093 169.6231 141.1322 47.27236 8.50076 1.675509 0.157182 0.6755255 8.896904 87.07815 187.7431 162.5054 161.1977 60.78207 10.61372 1.965659 0.2146151 0.9672979 11.22842 96.25382 187.1073 152.1942 188.3339 73.04968 12.98825 2.427938
0.2925494 1.35163 14.70296 102.6928 185.1384 149.1335 188.3999 83.2674 17.15187 3.122317 0.4116906 1.823521 19.1532 132.4994 173.1184 142.2058 190.0376 95.64163 22.86541 4.195909 0.5459971 2.433703 26.43744 137.4731 166.1586 130.7744 179.8389 109.5649 32.27374 5.070406 0.7746773 3.136442 33.85118 151.113 156.6941 122.7081 175.3985 128.1364 40.07263 5.982708 0.990846 4.431916 40.20801 159.269 152.4975 114.677 171.5274 140.5034 47.96391 7.887265 1.242448
5.407305 46.68006 168.6557 149.36 105.1225 162.3011 150.9727 62.15978 10.93771 1.876378 7.043526 52.73124 175.6141 141.7175 96.32865 154.5934 164.3786 69.04192 15.23483 3.0331 10.5054 61.77874 185.1058 132.15 90.16392 147.194 177.6673 93.88084 21.52395 3.926 15.30405 106.7763 184.5359 123.4711 83.48457 139.1825 172.3915 103.8559 26.48741 6.507154 20.86105 117.1154 176.4442 116.3221 77.60475 130.7402 174.2942 123.2455 28.96289 8.468913 25.27137
155.4164 171.3491 109.281 71.1377 125.1991 170.8001 133.7038 36.2131 10.41956 30.95995 172.4423 166.4135 102.2208 65.44989 116.9724 170.2239 145.5027 51.25933 13.72143 38.98563 183.045 156.9864 95.26214 60.16499 109.1973 166.8603 159.7924 61.55864 19.19526 52.03805 203.6152 148.9164 88.31637 55.72165 102.4383 163.6248 161.4173 66.38826 24.19082 61.22393 218.7204 141.667 82.20564 51.18079 94.7065 158.5507 162.6063 75.43316 29.37304 73.62842 206.2071
137.776 76.46213 47.17817 87.00062 149.3478 163.5517 88.33136 35.73954 92.09423 198.6605 132.1548 71.57244 43.35611 80.86896 147.498 180.4796 98.01379 45.97549 98.93894 198.427 124.5608 66.47521 39.62125 76.35612 138.8119 185.022 124.3119 58.23832 105.8165 194.2876 118.6363 61.28694 36.32117 71.04239 132.8773 182.8972 131.4366 66.16205 121.1423 186.7426 113.5319 56.81524 33.41849 65.41041 128.9118 180.2899 158.6062 73.17924 130.5095 175.3342 105.5803
