0 5 0 0 0 0 0 0 0 0 0.122241 7.388704 0.1165403 0.0004889604 1.078168e-06 1.262241e-09 2.453135e-12 3.81522e-09 1.169262e-06 0.0006931836 0.1980459 7.890974 0.2003082 0.002893385 2.694806e-05 1.379256e-07 5.472011e-10 1.191732e-07 2.098684e-05 0.002659179 0.346417 8.993981 0.3268561 0.00655531 7.291903e-05 4.623264e-07 8.58339e-09 6.523308e-07 8.120762e-05 0.007390003 0.4977894 9.76143 0.5178524 0.01342577 0.0001661315 2.147074e-06 4.013175e-08 3.09816e-06 0.0002297037 0.0139207 0.8302958
12.80253 0.7129194 0.02000008 0.0003526111 4.655617e-06 1.545875e-07 7.356315e-06 0.0004735045 0.02631898 1.457718 20.34638 1.188781 0.03190986 0.0006818823 1.070478e-05 3.19187e-07 1.794449e-05 0.00109494 0.04874972 2.253699 27.0611 1.849952 0.05573296 0.001186108 2.262531e-05 9.838948e-07 3.916015e-05 0.001819003 0.07701586 3.447186 30.86951 2.871632 0.1221034 0.003118301 5.797333e-05 2.47809e-06 6.549467e-05 0.003046648 0.1393361 4.974437 31.8798 4.478512 0.2561267 0.006795847 0.0001122161 4.84346e-06 0.0001354889 0.007155318 0.2682542 7.160834 41.48156
5.962286 0.3947346 0.01314823 0.0002528946 1.123533e-05 0.0003958696 0.01635542 0.4573748 9.699611 49.69901 6.668716 0.5603382 0.03266559 0.001006289 3.112685e-05 0.0007705918 0.02790073 0.6503058 11.78857 52.10367 8.679243 1.084543 0.06346942 0.001938615 7.491268e-05 0.001364445 0.03807653 0.8735295 14.20237 61.55829 15.54594 1.60648 0.09894775 0.003595374 0.0001364732 0.002339005 0.0569743 1.157404 16.28602 72.07064 21.27534 2.430063 0.1502098 0.006160128 0.0003019709 0.004524141 0.1002218 1.43845 26.09353 79.88824 25.31178
3.337559 0.2741838 0.01304261 0.0006712964 0.006822891 0.1393069 2.153168 29.36009 90.40489 29.53836 4.226515 0.3531479 0.02281138 0.001283561 0.009437061 0.1968718 2.843834 36.24223 99.93708 39.3192 5.486287 0.522227 0.03520113 0.001851666 0.0145688 0.2994182 4.408203 43.5414 109.2339 47.41923 7.199136 0.7378017 0.05629138 0.003037769 0.02447055 0.4514519 6.123811 46.34126 115.0616 58.72845 9.75064 1.147797 0.08954975 0.004765783 0.04017133 0.7225603 7.382403 57.55179 137.263 75.26514 13.85976
1.672929 0.1270999 0.007037602 0.05984743 1.025709 8.472394 75.38281 136.8122 92.41189 16.64203 2.207655 0.1679543 0.01020862 0.0947326 1.556532 10.99645 94.09817 156.9859 110.7186 20.11101 2.835515 0.2211985 0.01540713 0.139528 2.19166 20.76206 96.70423 155.8908 123.3462 27.40426 3.91175 0.3520938 0.0241695 0.17985 2.994824 30.05804 107.8529 156.7656 128.8336 36.48667 4.566897 0.5396063 0.04639804 0.2355575 4.175081 39.0903 126.573 158.6954 144.7016 47.67542 6.187539
0.8039453 0.08208203 0.4278208 7.902717 46.10009 150.0145 164.199 169.2925 59.3 9.666765 1.086029 0.1122688 0.6263893 10.1955 58.95477 155.6676 169.4464 174.5355 62.90083 11.09955 1.867271 0.2143637 0.8864146 13.47838 87.38582 154.7801 167.8958 198.9736 75.67307 14.23809 3.584507 0.3371578 1.186753 17.98426 101.7221 165.3475 163.8048 199.7426 88.36973 20.11705 4.676179 0.5202889 1.713268 22.51997 110.823 185.0746 159.4715 202.0978 101.2551 23.87884 5.503089
0.770788 2.2506 27.37404 141.2915 190.0966 150.2064 195.3584 119.2548 28.39649 6.974517 1.02443 2.601583 34.11236 196.0427 188.9005 140.273 187.3867 153.4294 32.94131 9.163963 1.409558 4.64228 51.05289 211.9315 181.7255 131.3316 180.2586 222.3232 41.67346 12.48394 1.967562 6.309181 67.55629 225.5694 173.8423 124.0979 171.1101 223.6755 45.8972 14.78022 2.778006 8.059102 84.75221 228.6209 169.0073 119.1471 164.9416 218.8028 64.23657 19.502 3.856979
11.71882 105.2317 239.6897 160.4111 111.9248 154.5932 221.8746 83.9316 23.8807 6.987411 13.27252 120.0605 231.7808 155.2422 105.0399 147.4196 218.8974 105.7317 34.49111 9.753864 16.87882 135.5266 223.8835 150.5803 99.12735 137.3785 213.9441 112.4468 44.85469 13.11172 21.98862 159.5114 211.3025 145.8474 93.60668 127.7471 201.1702 120.5382 49.6086 16.72303 28.77204 156.9104 195.1604 138.352 86.83584 119.9067 189.5516 142.554 56.88917 20.71943 41.01432
171.6649 182.4333 128.1182 81.22965 111.5791 179.099 152.2911 71.38456 28.79011 49.78121 183.3611 173.5691 118.4302 75.06672 104.7054 172.3657 152.0676 82.44652 42.54923 73.81778 180.1322 162.4999 108.5995 69.67371 96.52972 159.7455 160.4102 105.4772 50.14235 87.79802 175.2606 149.729 100.4461 64.0422 89.03111 147.9283 165.7441 118.9024 61.76938 97.21528 170.8195 138.6697 94.44429 58.57709 81.50805 135.4702 166.1431 148.5892 68.13836 107.4063 170.8693
127.532 87.64403 53.83738 74.54007 124.9179 169.9251 150.9388 91.29889 117.7453 169.3665 117.4686 80.30881 49.50007 68.84568 117.2895 178.8525 161.1009 102.8675 128.5945 164.456 107.3612 73.7558 45.28393 63.17732 107.1238 171.0819 172.2277 114.8737 155.162 158.4309 98.55287 67.72985 41.87455 58.05737 98.21631 170.7492 178.1137 125.5005 156.1448 161.7418 90.25743 61.92909 38.3717 53.39404 90.26443 164.5474 188.315 134.0607 161.2747 152.859 82.81558
