0 5 0 0 0 0 0 0 0 0 0.05374386 5.733943 0.0495715 0.0002209982 5.520847e-07 1.395148e-09 2.636678e-12 2.377981e-09 1.397405e-06 0.0003929149 0.1207704 6.476325 0.1266851 0.00168861 1.169729e-05 1.112914e-07 4.053427e-10 6.712177e-08 1.043769e-05 0.001474061 0.1931747 7.40653 0.2256723 0.004259044 4.570381e-05 4.065793e-07 3.108618e-09 3.252036e-07 2.686375e-05 0.00263131 0.3510838 9.812189 0.4076205 0.008055558 9.148084e-05 1.075864e-06 1.578349e-08 8.155735e-07 6.783702e-05 0.00554851 0.4961397
11.55793 0.5780928 0.01532975 0.0002843897 3.593884e-06 6.328483e-08 2.096312e-06 0.0001696393 0.01026105 0.7517049 13.81631 0.9589592 0.03120414 0.0005814046 8.566751e-06 1.724404e-07 4.093537e-06 0.0003303967 0.01949044 1.363157 18.48029 1.3259 0.06192586 0.00157679 1.699148e-05 4.391665e-07 1.525413e-05 0.001546492 0.06136208 2.001943 24.71885 2.011731 0.1017005 0.00274764 3.183551e-05 9.226777e-07 4.165472e-05 0.003090518 0.1021475 2.756013 28.19523 2.586274 0.1614969 0.005580669 8.679898e-05 2.469741e-06 9.423946e-05 0.005703865 0.1720717 3.525797 39.98014
4.354244 0.2796629 0.009995364 0.0001674652 4.955963e-06 0.0002139278 0.009730225 0.2241671 5.231155 55.81008 8.547569 0.4572769 0.0143598 0.0002986059 1.071549e-05 0.0003749267 0.01501231 0.3354882 7.436571 84.22444 12.49853 0.7273223 0.02672583 0.0006751751 2.568198e-05 0.0007428343 0.02297186 0.4341964 9.285113 88.61742 15.76784 1.015934 0.04435602 0.001454168 7.452454e-05 0.001490914 0.03773094 0.6985489 17.39905 103.0062 18.64686 1.494286 0.08068641 0.002715608 0.0001394014 0.002231193 0.06512549 1.507586 24.70282 127.9487 23.12418
1.925379 0.1246048 0.005269965 0.0002685591 0.003395552 0.09407016 2.169577 35.44899 138.2756 28.56946 2.759012 0.1847838 0.009664922 0.0005777413 0.007493126 0.1315987 3.171377 56.36841 149.3055 34.12541 3.922947 0.2394802 0.01658706 0.001107685 0.01101247 0.1899521 4.997304 68.98488 170.4568 43.31583 4.801895 0.353669 0.03015301 0.001879538 0.01382514 0.2629204 6.409141 84.54178 173.5741 51.13124 5.617883 0.4973155 0.04667785 0.002733705 0.02006637 0.399173 8.212033 98.40894 173.3756 62.43515 7.423465
0.6965815 0.06953115 0.0053832 0.0328952 0.5287869 10.52871 114.6069 175.9398 71.50475 11.50396 1.101614 0.09579316 0.007907153 0.04395513 0.7621839 13.79445 121.9926 184.4765 78.53789 16.66675 1.738483 0.1449596 0.01166296 0.06127003 1.061482 16.68415 129.0436 192.076 108.101 22.14648 2.007423 0.1622802 0.02086048 0.09209277 1.432699 19.35821 139.2979 180.7278 121.7101 30.28512 2.424861 0.1931819 0.0311704 0.1248398 1.942083 23.63632 163.0913 176.1238 135.5569 42.89805 3.479661
0.3409646 0.04341993 0.1680365 2.644091 30.17329 167.7728 170.9736 140.3092 48.67131 4.622673 0.4411956 0.05650563 0.2704264 3.730322 34.27861 165.9212 161.9473 156.0546 62.98734 8.112399 0.7823012 0.07822922 0.3465698 4.966271 39.73221 161.6575 157.4599 160.1928 76.20253 11.76031 1.000063 0.09684498 0.4896686 6.435655 44.72499 170.4983 146.6932 183.3257 86.7141 13.98875 1.357664 0.1399803 0.6899524 8.260119 57.34689 173.7765 137.5417 194.3832 105.0248 19.06259 1.764992
0.2273266 1.045051 11.17927 68.2567 168.1437 132.1329 194.4884 131.5947 24.59688 2.270576 0.3217002 1.498442 15.01474 78.28616 158.6338 123.8301 205.9805 160.2589 29.84704 3.131264 0.4769256 1.842823 18.79902 87.97025 152.6407 115.7665 198.2209 179.3439 31.87683 4.639172 0.6981683 2.669528 25.24034 106.1893 146.4747 109.6215 192.2773 185.901 36.30002 8.555063 1.087018 3.287521 31.67879 120.3934 138.4227 101.4786 186.0582 181.8008 40.32617 9.465715 1.38653
4.245566 38.88884 134.8597 132.6621 94.96872 178.7143 180.0598 51.51203 12.45583 1.998055 5.624306 49.33156 147.5934 126.4465 87.50448 167.1138 179.7658 67.09864 17.78971 2.991012 7.086148 56.07615 191.6586 118.2102 80.31917 154.7763 179.2896 77.64053 24.2787 5.195445 9.090925 64.41117 195.2319 115.472 74.89108 143.0505 171.5616 86.53151 33.11738 10.74415 11.56367 72.40996 193.8146 109.8812 69.53106 135.1461 167.9772 88.83355 36.46763 13.91435 14.40735
83.65237 195.5105 103.7922 63.92612 124.9823 163.9698 119.5483 42.4272 16.3369 19.51887 101.7176 189.912 98.12349 59.23977 115.7532 158.0636 126.5611 48.66294 18.87858 22.93014 110.2 191.5176 92.57273 54.35686 107.0649 150.1717 141.0653 60.44608 22.09547 28.75252 131.0412 188.6805 86.3325 49.81208 97.98362 140.9919 145.4125 71.71339 26.26033 38.25343 143.0504 176.686 79.91411 45.69348 89.93611 132.8817 152.6977 82.58433 30.43664 48.28726 144.2614
170.8294 76.08717 41.83613 82.26327 124.4415 152.3603 110.0546 44.36957 60.55446 142.5857 160.254 70.74475 38.43259 75.65143 119.185 171.3473 136.0574 48.12411 72.13049 146.4462 150.4277 66.64134 35.21046 69.05453 115.1202 180.0601 162.4023 55.9908 78.57625 152.7729 140.7021 62.581 32.15619 63.28476 108.3203 193.6887 194.9384 65.41933 93.92614 169.3294 131.4458 58.10942 29.62188 57.89859 102.671 186.5902 205.9769 89.02415 110.6619 172.8379 122.4293
