0 5 0 0 0 0 0 0 0 0 0.03735132 5.422091 0.03618049 0.000151757 8.045173e-07 1.74456e-09 1.891601e-12 8.748665e-10 6.299633e-07 0.0001893559 0.1041026 6.453938 0.1084188 0.0009253616 4.277999e-06 1.899327e-08 1.930205e-10 3.328585e-08 1.060389e-05 0.0009364412 0.186996 7.323458 0.1754968 0.002246051 2.729896e-05 1.448051e-07 2.375034e-09 2.999627e-07 3.190974e-05 0.002680541 0.376533 9.325614 0.31405 0.004923913 6.525007e-05 6.095035e-07 1.391544e-08 1.095926e-06 0.0001473872 0.009121591 0.5887459
11.70185 0.5043754 0.01120474 0.0001935215 1.723727e-06 4.333204e-08 4.835364e-06 0.0003949726 0.01742518 0.831001 14.5287 0.8278899 0.02498166 0.0005130646 6.038052e-06 2.604504e-07 1.792548e-05 0.0007773256 0.02538274 1.490583 21.26805 1.514718 0.04827089 0.00101139 1.525089e-05 7.093296e-07 3.581853e-05 0.001277252 0.04647127 2.042672 29.14257 3.006629 0.1303177 0.002838488 3.635027e-05 1.740017e-06 7.331249e-05 0.002614148 0.07517568 2.624108 36.06634 5.042137 0.3287 0.008938318 8.786314e-05 3.275984e-06 0.0001176202 0.003600634 0.09689035 3.634307 43.38259
6.637594 0.6077155 0.02328927 0.000356486 8.525608e-06 0.0002192216 0.006329285 0.1673388 4.435545 51.55442 8.788714 0.8703877 0.05149577 0.001298567 2.246776e-05 0.0004446962 0.0102374 0.2213478 6.053087 57.39459 14.77116 1.709825 0.1043701 0.002714642 4.793054e-05 0.0005485157 0.01344573 0.3194126 12.25242 78.80929 18.43958 2.361977 0.1728096 0.005884315 0.000125609 0.001089034 0.02449065 0.6725427 17.06404 88.37435 23.05676 3.233595 0.2673669 0.01021601 0.0002728034 0.002328125 0.04250127 1.011039 22.5575 104.9716 31.36608
4.639985 0.5003576 0.02062866 0.0005951638 0.003827127 0.07769982 1.721411 27.41725 118.3132 43.39978 7.260642 0.9236178 0.04631415 0.0013705 0.006523924 0.1136528 2.163499 32.91897 124.983 49.82379 9.812974 1.299824 0.06624333 0.002480876 0.009030818 0.1586578 2.858533 44.8142 131.9196 70.14264 15.25405 1.556199 0.07916084 0.003230932 0.01294156 0.2448032 4.723362 51.03203 143.1106 94.96883 23.32609 2.27774 0.109727 0.004861668 0.0186013 0.3658737 7.163364 54.33576 155.4883 104.6774 29.30721
3.282538 0.168457 0.007672144 0.03341244 0.764056 10.27771 65.13234 157.3606 120.7591 36.06131 5.362495 0.314495 0.0136115 0.04900924 1.252981 17.20544 65.16504 170.671 126.9792 41.49393 7.393298 0.5498778 0.02935942 0.06829619 1.630116 21.9843 69.55191 174.9213 140.6163 50.66454 9.948734 0.8158357 0.04788315 0.09654256 2.053991 28.48585 79.2417 186.6409 150.7445 60.14772 13.12562 1.063604 0.06750406 0.1660897 3.257818 34.7292 86.27721 192.4703 182.268 69.43431 15.3338
1.383146 0.09984084 0.2682383 4.573188 44.06952 94.00086 183.1924 202.9349 79.73078 18.21045 1.582725 0.1516704 0.5172192 7.168149 49.6916 106.4723 178.2296 205.3447 97.5501 23.61693 2.529103 0.2537063 0.8662296 8.830294 63.77091 111.8225 170.5797 200.2674 116.9355 31.46747 3.96146 0.364496 1.238378 12.12196 86.71282 121.5275 162.3572 199.4399 153.1434 40.25637 6.587752 0.5941006 1.548309 14.4563 98.21351 126.9015 153.3756 196.2645 168.8179 46.77175 8.697172
0.9363308 2.240891 18.5359 138.5814 133.6177 142.178 196.8956 174.4456 49.91742 10.63004 1.319219 4.294221 24.03202 155.4183 140.2728 133.2094 185.6447 183.4632 53.12938 11.4522 2.257033 10.07162 29.84678 168.8827 145.8295 124.7846 174.5814 193.6397 64.44339 14.73383 3.733747 12.55484 37.502 182.0242 157.2354 119.7369 163.1825 190.2814 83.33634 19.32495 4.980136 13.88942 48.25075 203.7344 172.0543 110.599 151.0095 193.1403 109.7913 24.96915 5.765809
16.87043 55.51611 199.0424 162.6401 101.7601 140.4631 184.9231 126.8878 31.67376 8.040343 20.3332 68.59172 199.6805 169.1897 94.40806 130.4052 185.1554 133.1224 39.70937 9.823689 21.99178 75.78262 194.6344 162.4607 87.13268 121.2305 178.6867 133.3627 42.54424 12.68706 34.9174 84.06038 186.0036 157.1077 80.07645 111.8392 168.4482 149.1578 59.60337 17.47379 44.85346 95.51783 179.2412 151.3804 73.76814 102.9669 161.9116 147.8102 74.10352 24.17162 62.88839
99.58848 179.8646 143.8317 68.0708 95.45556 154.0575 156.3902 87.35104 28.34023 77.7745 106.9923 172.0943 138.4257 62.68933 87.98375 142.7494 168.1489 101.3138 35.39817 99.26487 120.0213 161.0668 130.9025 57.66672 82.10599 134.3678 177.159 115.1486 59.62509 124.2016 130.0582 152.8087 122.6298 52.95924 75.71279 131.2755 175.8104 131.9192 95.30881 137.9085 138.25 142.9031 115.0754 48.62483 69.57449 121.7351 174.3322 150.2381 107.6526 158.8933 146.7728
136.1249 105.9572 44.77869 64.0763 112.2664 170.9491 187.3641 118.394 178.9319 151.2616 127.0782 99.85845 41.31138 58.94904 104.8872 164.5029 183.1867 144.1656 194.5853 149.3131 117.9002 92.53872 38.02973 54.15037 96.77481 158.2302 183.1904 177.4559 217.1905 159.2069 110.9023 85.09824 34.85435 49.6345 88.82535 150.2277 182.8301 194.4046 227.9511 156.6197 102.4466 78.4824 31.82664 45.3876 82.45627 142.2897 172.0742 192.2362 219.3127 161.1244 94.47275
