0 5 0 0 0 0 0 0 0 0 0.09768662 6.905524 0.09678521 0.0003929849 5.173819e-07 6.620342e-10 1.629574e-12 2.973622e-09 1.770688e-06 0.0004584307 0.2750004 8.760665 0.2141758 0.002010001 1.603173e-05 6.125665e-08 5.207206e-10 6.326488e-08 3.482998e-05 0.00471377 0.5126231 10.63983 0.3963199 0.006504131 6.388481e-05 6.66055e-07 6.784825e-09 9.602565e-07 0.0001489801 0.01279414 0.7274254 12.18497 0.6185804 0.01454338 0.0001790779 1.923184e-06 4.169548e-08 3.396032e-06 0.0002856792 0.02015517 1.367194
13.3941 1.066149 0.03873118 0.0006547636 7.711021e-06 1.628437e-07 7.975606e-06 0.0007873195 0.05244448 1.926556 16.49164 1.832667 0.07559485 0.001404143 2.08932e-05 4.686899e-07 2.497547e-05 0.001579543 0.07931656 2.435725 19.48049 2.802465 0.1491456 0.004080942 6.734658e-05 1.482855e-06 4.681214e-05 0.002486636 0.1084817 3.149579 24.18728 3.57802 0.198615 0.006360247 0.0001615601 4.968737e-06 9.427221e-05 0.005749486 0.1954203 4.187957 31.56813 5.889467 0.3613651 0.01116918 0.0002929823 1.002566e-05 0.0003337557 0.01372782 0.2821054 5.000571 34.49819
7.529027 0.5108783 0.01772508 0.0005064624 2.24446e-05 0.0006527619 0.02142363 0.3906582 7.262017 41.92975 10.26242 0.7338411 0.02475638 0.001040699 4.947682e-05 0.0008916533 0.0268385 0.54705 8.041133 47.57048 12.3495 0.8954492 0.03423741 0.001408906 0.0001136396 0.001507575 0.0478808 0.8891871 12.94628 54.07431 20.0474 1.526271 0.05392463 0.002248853 0.0002233299 0.003681871 0.1108779 1.710945 15.73402 58.84253 25.85688 2.000883 0.07697378 0.003452978 0.0004406699 0.005555775 0.1718938 2.469296 19.70851 70.39205 31.87752
2.92151 0.1265469 0.00486422 0.0006142614 0.007127856 0.2059353 3.019138 23.65725 78.09934 43.73934 5.110546 0.2166297 0.007091168 0.0008808102 0.01472513 0.3203893 3.334026 36.11277 94.30734 53.23208 8.512233 0.5399831 0.01779486 0.001400545 0.0247153 0.4617738 4.686182 47.9118 102.3632 62.01399 10.52776 0.800102 0.02837339 0.002734759 0.03592633 0.6414231 7.612609 53.75285 120.1225 94.64211 13.2592 0.9466307 0.03676938 0.003917326 0.06415854 1.198983 10.34302 61.69104 134.4085 119.4152 17.47309
1.223578 0.04887304 0.005670961 0.1098361 2.00053 13.6322 76.50779 166.5343 144.1174 20.69691 1.534023 0.06877876 0.008060479 0.1483822 2.480354 17.43196 98.26816 170.8865 159.3146 28.61698 2.23217 0.09642879 0.01333044 0.1987923 3.257376 25.99469 105.5581 164.7599 163.9142 52.29348 3.614899 0.1207391 0.01930949 0.2770893 5.05984 46.76821 113.0004 166.5187 169.3317 68.84615 5.129409 0.1910258 0.0352334 0.4167986 6.391278 53.87626 125.2266 169.8105 176.3937 79.32819 6.819263
0.3358384 0.04982135 0.5694868 9.010521 58.95514 144.1932 169.4727 181.4514 91.04606 9.867537 0.6539047 0.07845021 0.7433092 11.76573 78.74351 152.1916 168.2773 186.7667 99.41137 12.68468 0.8423926 0.1083131 1.02669 15.825 92.1645 161.4964 163.4241 194.0328 116.6965 18.45848 1.251667 0.1890443 1.304249 20.92577 109.4444 166.9779 156.105 186.8966 127.9033 24.35936 2.124779 0.2880158 1.812293 25.58969 125.9516 178.7448 150.3584 180.816 160.2631 32.07117 2.830542
0.4470367 2.939602 33.64132 134.0344 175.7294 144.1852 172.5838 162.4613 36.91753 3.552881 0.6747727 5.555794 43.00709 143.9074 170.6324 141.6284 165.3172 165.552 53.31803 5.04516 0.9033835 7.211697 46.70878 144.3379 194.156 132.7417 156.0242 171.0899 63.09131 7.006985 1.070181 9.507226 59.70159 155.8125 185.6237 124.8445 146.6139 179.9399 69.71963 9.873753 1.689367 14.99759 73.96194 168.9598 177.025 116.4334 136.5653 175.2807 90.19356 12.75802 2.123857
16.70163 87.54719 177.0289 166.7425 109.0215 128.4119 173.6526 108.5655 17.9459 3.104451 19.19335 108.0431 173.8753 157.5391 102.2129 122.6643 172.0863 127.5357 22.8647 4.589351 25.47421 118.9865 173.9687 150.2654 94.98189 115.5531 172.7744 156.7381 31.6184 7.857671 30.49042 136.0324 168.4161 140.4936 88.83563 108.4585 168.6413 174.0963 43.02782 11.47277 45.97905 149.2066 160.8859 131.4103 82.77942 99.89327 161.8513 186.6545 58.86457 17.78085 55.44575
153.3541 154.9399 122.7231 77.2475 93.08633 158.9838 197.7518 72.95562 21.07826 57.79015 156.9444 150.1201 114.6851 71.35579 86.61338 150.5142 195.6768 80.82793 23.88231 67.8235 177.1291 147.1115 106.7217 65.69761 81.91257 144.2992 199.1667 103.7973 31.55863 90.07756 171.4122 144.607 98.01734 61.51456 75.78015 134.68 199.909 116.7906 40.99392 112.0036 168.2158 139.3015 91.28959 57.83096 70.25681 125.473 198.7703 120.3097 49.47763 135.5556 173.3604
129.4027 84.20696 53.68326 64.86962 116.8998 185.5188 141.7338 64.02956 145.8194 176.5919 122.0923 78.10375 49.75237 61.03421 110.1327 179.3771 159.4845 95.40153 182.2152 175.4087 114.6856 71.56625 45.69909 56.8684 102.6615 173.9404 160.4259 113.6866 189.8677 179.3808 107.1959 67.02421 41.86551 53.00362 94.31547 166.6119 170.9354 136.5554 187.9352 169.1449 100.6436 61.81958 38.54936 48.79574 87.93828 157.9197 180.7484 158.1744 202.7832 159.0349 94.06537
