0 5 0 0 0 0 0 0 0 0 0.05511718 5.905382 0.06134482 0.0004645133 2.215571e-06 4.241548e-09 6.669685e-12 4.841995e-10 3.612999e-07 0.0001930837 0.1759469 8.322708 0.1879517 0.001641071 1.62785e-05 7.279723e-08 3.475519e-10 3.008033e-08 5.61877e-06 0.0009429735 0.3103035 9.796603 0.332598 0.005139825 5.042891e-05 3.635719e-07 2.911208e-09 1.397556e-07 3.324946e-05 0.004022513 0.5560125 12.22845 0.4917237 0.00864864 0.0001227293 1.213543e-06 1.244483e-08 1.174963e-06 0.0001615645 0.01199389 0.9466293
17.80339 0.8421971 0.01620228 0.0002694185 3.291343e-06 6.132023e-08 8.576249e-06 0.0008271293 0.03153798 1.680938 22.89716 1.207033 0.02789833 0.0006471525 1.113413e-05 2.096559e-07 2.308059e-05 0.001406927 0.05694203 2.366046 25.00422 1.73373 0.05305999 0.001299255 2.760724e-05 7.392901e-07 4.638946e-05 0.003376784 0.1206308 3.293776 29.06642 2.923035 0.108961 0.002226595 4.561178e-05 1.831347e-06 9.195162e-05 0.007548735 0.2363458 5.233798 32.23374 3.908857 0.1616128 0.003402513 6.889911e-05 4.523599e-06 0.0001901432 0.01055578 0.3357606 6.95803 37.19709
5.552695 0.286481 0.006882688 0.0001169607 9.453782e-06 0.0003319766 0.01360732 0.4313682 8.030977 41.31862 6.545712 0.3512498 0.009898237 0.0002723368 2.309347e-05 0.0006932511 0.02544961 0.6136871 10.86913 63.09507 8.28864 0.4962084 0.01609383 0.0004073658 4.555836e-05 0.001140261 0.04001454 0.9124066 11.78998 72.05793 9.877915 0.6264061 0.0222628 0.0005633562 6.531638e-05 0.001899501 0.06371386 1.179282 15.35695 75.34747 14.66208 0.9663713 0.03363702 0.000965328 0.0001341285 0.003291944 0.09448318 1.614483 17.2432 81.77107 18.75623
1.398473 0.05658519 0.001648106 0.0002187488 0.004685083 0.1338817 2.225603 21.45615 99.01073 29.27053 2.59243 0.1203737 0.004542326 0.0005388782 0.009389834 0.2050987 3.091476 24.29243 101.5549 39.22122 3.846827 0.1882841 0.007646829 0.0009198378 0.01577782 0.2822147 3.939523 26.88968 105.9051 49.59931 7.055453 0.3409721 0.01436343 0.001613455 0.02369169 0.3946314 5.201389 31.43801 127.8663 63.17251 9.795775 0.5239539 0.02013947 0.002603867 0.03871867 0.5885164 5.790252 42.34505 136.046 70.53382 15.08793
0.8594098 0.0305651 0.003756152 0.05700615 0.7859557 7.863512 56.74966 135.1964 73.17954 20.33638 1.439754 0.06052079 0.006671086 0.09709367 1.094711 10.01088 69.16448 149.1957 102.6094 26.47679 1.947947 0.09536286 0.009523414 0.1355741 1.655201 13.37076 73.05063 145.4924 120.3453 35.95595 2.798832 0.1319976 0.01393081 0.2005747 2.215172 17.22425 90.68828 147.9263 133.2624 45.04423 4.537765 0.2279698 0.0194858 0.2754559 3.604169 27.59148 115.208 150.5763 138.1113 54.88808 7.185816
0.399007 0.02809181 0.343929 4.403949 35.0063 120.5453 149.3333 151.1239 71.61812 12.25467 0.7445466 0.04373416 0.4520957 5.116659 40.52976 132.3928 143.9074 167.468 80.43826 14.38181 0.9817941 0.06383999 0.6341306 6.913171 46.43293 152.1236 150.9149 172.2196 90.51478 17.86664 1.415788 0.1109317 0.9260806 10.00093 59.21406 162.0394 144.0587 173.3071 104.9684 31.39614 2.149044 0.2001443 1.22696 12.95877 68.91506 194.7217 135.4055 173.3935 107.3906 35.41847 2.816664
0.2593265 1.60666 17.11985 81.98815 207.0277 134.2626 183.6927 123.5774 48.48329 4.292396 0.3599656 2.19785 18.697 82.84859 210.4368 139.6904 187.6601 126.9717 58.47357 7.536094 0.7157 2.992557 25.32647 86.34083 199.967 132.3387 179.0767 139.2485 70.56195 10.01674 1.125987 4.071119 29.7015 89.21127 188.0347 126.0936 171.6542 155.6197 85.93419 12.32241 1.513932 5.90716 37.25954 97.81089 184.6629 118.5615 168.9759 155.3768 97.8223 14.65496 2.425687
8.634906 54.60984 106.6636 174.8151 110.1533 159.1123 166.5946 104.5481 23.56096 3.839396 11.46789 66.05553 110.0899 165.9528 104.0132 147.7296 167.3063 114.1185 42.77978 6.004874 15.43458 69.04723 112.9322 156.8157 100.311 139.1145 164.4963 127.5061 58.58205 10.67524 20.57317 86.44397 131.7308 146.5772 94.1493 130.275 159.8911 138.3024 70.04141 15.83984 23.45845 95.7233 142.2869 136.3008 88.04587 122.4414 165.14 145.5898 91.45039 17.36712 29.54309
105.6394 149.929 128.9901 82.43839 115.3597 162.372 153.4085 101.9894 23.93806 38.21447 124.4923 150.3153 120.1335 77.29849 107.326 156.5706 158.1413 125.2575 30.88125 44.19252 132.9472 156.6672 112.7795 72.13829 102.9145 148.3408 160.4226 136.1273 39.74244 49.78308 143.2118 159.2209 105.3764 67.13877 96.05773 143.9527 180.0334 147.2339 60.52798 53.63642 158.9738 158.9788 96.75863 62.26577 88.61735 135.4956 180.1503 167.0313 79.12429 65.21876 165.4861
163.8309 90.34456 57.42698 81.682 126.1997 174.2247 190.4151 85.89408 76.90766 187.4102 160.3803 85.18564 53.16789 75.48762 119.3877 170.7344 204.9193 100.0686 96.78194 182.9584 152.2761 78.04075 49.27431 69.65136 111.989 165.7232 216.4013 106.907 120.0921 184.7716 145.1574 71.68986 45.61509 64.07987 108.1055 156.6476 212.6127 114.2776 133.7539 185.4229 138.1695 66.50977 41.83661 58.87352 100.0542 147.7389 202.7173 127.5702 137.1094 193.3725 132.8084
