0 5 0 0 0 0 0 0 0 0 0.04063863 5.546444 0.04800034 0.0004194468 1.106223e-06 5.228557e-09 8.548927e-12 1.582692e-09 7.679803e-07 0.0001499341 0.1139909 6.291913 0.1328318 0.002143983 9.583869e-06 5.481677e-08 9.055377e-10 4.065858e-08 8.948621e-06 0.001449948 0.1882278 7.004225 0.223484 0.005116665 6.081218e-05 4.299314e-07 3.322069e-09 2.183132e-07 3.989778e-05 0.00342013 0.3126002 9.021053 0.3697588 0.008515997 0.0001467802 2.08924e-06 1.490186e-08 6.935776e-07 0.0001083445 0.006397874 0.5911718
10.8975 0.5117891 0.01487616 0.000340849 4.868799e-06 7.683609e-08 4.564327e-06 0.0002839344 0.01568556 0.8620154 13.56777 0.8117528 0.02576522 0.0005870494 9.401961e-06 3.028697e-07 1.234251e-05 0.0006385445 0.02841677 1.282335 16.39717 1.457042 0.05275783 0.001064161 1.928355e-05 6.671039e-07 2.579912e-05 0.001260237 0.04942947 1.843394 21.95689 1.960503 0.08933895 0.002365118 4.220265e-05 1.65299e-06 6.863076e-05 0.002910121 0.08292425 2.550999 29.1288 2.804784 0.1307827 0.003572466 7.080588e-05 4.138669e-06 0.0001819101 0.007143851 0.1553566 3.86518 38.84562
4.246021 0.2296968 0.006975438 0.0001285339 9.226636e-06 0.0003275953 0.01144084 0.2520309 5.009791 53.59115 5.524082 0.3699344 0.01319364 0.000215445 1.924906e-05 0.0005558257 0.01687754 0.3351516 6.468212 66.09282 8.809296 0.5896288 0.02188564 0.000434429 4.565759e-05 0.0009115238 0.02861888 0.5363602 7.748095 76.22592 18.83442 1.081124 0.03139843 0.0008097085 8.655467e-05 0.001555559 0.03777819 0.6735591 9.78951 77.31106 23.68064 1.569105 0.05323338 0.001523857 0.0001495867 0.00324766 0.06974799 1.044066 11.6702 83.79348 29.87493
2.15607 0.08150118 0.002552784 0.0002871898 0.004963454 0.102196 1.409111 15.78546 89.59685 35.60125 3.060655 0.166032 0.005461416 0.0004227031 0.007312696 0.1304175 1.969601 19.6727 105.5709 58.82343 4.259636 0.2475711 0.01035059 0.0007547191 0.01273033 0.1950192 2.593731 34.20634 131.8248 68.94828 6.763618 0.423375 0.01697244 0.001221661 0.02209992 0.2962968 3.911094 50.73294 141.0332 76.60767 11.02152 0.7617744 0.02918167 0.002087717 0.0311271 0.3769205 5.654839 62.01403 139.3261 94.44616 16.5782
1.097666 0.04763347 0.003549728 0.04380375 0.4253724 6.556379 67.09869 141.9579 106.8193 22.08293 1.78299 0.09230537 0.006243984 0.05500114 0.537003 7.997741 74.75288 149.1839 116.8934 26.9735 2.424716 0.1391879 0.01127333 0.1338818 0.8512635 9.771415 88.29174 159.4519 130.7592 32.9033 3.980905 0.2393984 0.01857092 0.190034 1.184869 11.47175 104.9926 166.78 142.647 46.4437 5.529567 0.3963992 0.03171159 0.2878072 2.140216 14.39451 116.5002 165.8919 143.981 56.04744 7.134483
0.4940262 0.04073047 0.3332299 2.674425 19.94854 140.7645 165.744 151.0243 58.7357 8.102385 0.6789421 0.05572615 0.4270185 3.678566 26.34329 148.5247 160.5147 156.6337 69.74036 12.73742 0.9558053 0.07709272 0.5074919 5.21595 38.72381 150.5524 164.045 152.628 82.27703 15.15677 1.428286 0.1153789 0.7420615 6.227578 47.2037 166.0396 162.9572 153.9478 104.0693 18.56361 2.230588 0.1896521 1.090014 7.298592 61.23057 169.1144 156.0959 156.844 119.8104 26.30087 3.390812
0.3047573 1.382971 9.587443 72.56728 173.6489 148.7968 157.8986 136.5569 32.27131 4.771106 0.5146818 1.950099 12.90309 77.03307 188.3142 139.259 165.3503 144.6039 39.88617 6.308777 0.6996129 2.916549 18.57401 90.18593 184.1293 130.4526 168.9327 157.987 48.15878 8.202707 0.9151033 4.095617 22.85487 98.42529 176.1989 122.3702 167.4383 184.3557 55.41805 9.852571 1.145515 5.456726 27.01524 114.7851 172.0869 114.8614 163.2344 187.6696 66.55666 11.73976 2.148004
7.906468 31.03817 133.3219 166.949 106.3902 154.5429 185.8875 76.48325 15.66824 3.469838 12.02409 35.15067 142.8972 157.0176 99.82081 145.2458 183.6155 92.72521 20.73528 5.967889 16.69769 37.76431 155.7956 149.5478 92.2106 140.5153 184.9676 95.68124 28.63912 7.579564 19.18617 43.2213 163.8279 140.2579 88.02835 129.4376 174.8108 114.2051 32.3859 9.332101 20.56301 53.01814 166.0235 135.6808 82.67779 121.0199 163.436 130.8615 39.80422 12.00388 26.95665
61.47932 174.8439 126.8023 76.6654 112.2552 156.7588 155.9996 49.67163 14.49845 28.63773 68.74703 172.1039 119.0122 70.47958 103.528 147.8358 167.1542 57.04111 19.86408 31.35867 77.30499 177.4106 112.1538 64.56122 95.00341 142.5051 179.8555 67.22317 27.29781 43.45877 99.40822 172.788 104.4782 59.5899 88.10845 135.7593 192.9822 89.93303 30.81699 52.14825 114.4146 164.4444 97.74801 55.06295 82.02826 127.3613 195.8575 93.19731 34.768 57.81234 120.225
172.9179 90.86228 50.74718 76.29947 121.8019 205.8713 107.5172 42.37938 60.31941 129.1236 188.3693 86.11047 46.8461 70.92194 115.5526 198.3586 118.5417 53.84548 65.95138 143.6202 173.9299 79.7308 43.13741 65.56594 108.461 189.937 138.3738 66.71012 99.08014 147.818 163.9796 73.10004 39.66794 60.77659 102.1913 181.8226 141.2103 72.05571 130.2813 146.5314 152.8428 67.7288 36.96969 56.23824 98.23658 180.6875 164.0892 76.6837 155.1231 150.5783 142.2238
