44
57
85
125
73
74
56
66
80
120
96
66
76
208
182
154
258
429
632
497
411
197
98
40
20
19
14
13
5
6
3
5
4
2
0
0
0
0
0
0
0
0
0
0
0
0
0
0
0
0
0
0
0
45
38
62
37
47
67
68
40
68
71
48
68
70
101
153
203
246
563
553
448
473
431
252
139
128
67
51
26
21
28
9
12
1
0
0
0
0
0
0
0
0
0
0
0
0
0
0
0
0
0
0
0
22
50
30
40
95
69
78
86
136
166
224
244
357
526
485
271
193
143
105
84
66
43
32
49
29
20
18
13
10
12
11
5
3
0
0
0
0
0
0
0
0
0
0
0
0
0
0
0
0
0
0
0
49
65
50
36
44
64
69
54
87
158
87
96
142
218
234
283
446
501
430
319
269
168
107
63
59
46
45
40
35
16
26
27
41
0
0
0
0
0
0
0
0
0
0
0
0
0
0
0
0
0
0
0
93
122
171
196
166
158
104
125
143
152
158
135
164
179
219
220
297
519
509
552
405
304
157
126
115
101
113
79
98
52
27
28
31
0
0
0
0
0
0
0
0
0
0
0
0
0
0
0
0
0
0
0
119
87
75
108
115
104
88
88
110
125
122
132
99
110
109
190
207
288
449
504
395
337
291
249
119
92
75
56
57
51
48
48
31
13
13
5
7
17
10
7
8
7
9
9
15
9
9
20
11
5
5
32
86
84
116
123
168
186
199
275
259
563
1225
1501
1134
931
694
422
302
174
131
116
100
79
63
63
61
57
48
30
34
38
23
22
29
33
11
10
9
6
8
6
6
6
3
4
6
8
18
9
10
12
13
11
14
85
119
105
119
146
214
158
147
260
292
301
431
624
701
656
697
678
708
751
612
456
377
304
270
206
225
167
120
109
107
96
35
33
39
23
35
24
24
24
21
32
23
21
15
16
25
22
14
25
21
30
35
167
156
216
218
224
302
293
258
270
281
267
231
293
239
272
264
340
430
483
545
555
613
614
515
488
460
426
385
273
190
154
118
45
43
39
28
33
26
29
32
26
20
22
17
25
15
19
33
20
34
17
35
143
129
186
202
236
205
244
248
235
282
326
271
338
359
309
380
309
419
520
496
512
520
459
417
353
377
322
284
214
180
127
94
37
33
41
25
35
41
42
32
37
31
18
20
21
26
31
32
29
33
43
62
173
189
190
244
249
241
209
211
251
256
222
197
215
245
266
228
309
507
922
1049
1017
940
860
612
494
365
324
257
191
165
125
72
46
30
27
39
26
27
24
25
29
31
31
25
17
19
32
36
35
42
45
48
160
190
140
199
226
287
266
252
201
304
276
218
201
196
216
268
342
489
1066
1293
1061
941
581
462
424
340
296
210
117
133
387
299
241
143
170
310
278
256
150
150
123
93
82
71
59
44
75
102
144
174
350
486
447
665
930
1883
3222
4703
3365
2273
861
775
595
434
270
267
276
235
278
302
352
327
366
288
234
228
183
189
191
249
170
124
120
161
107
114
122
94
102
92
91
79
84
75
89
79
78
91
71
69
57
77
101
115
97
252
307
338
345
338
302
395
321
412
423
440
405
411
508
555
568
780
929
1198
1339
1252
1035
960
756
616
683
579
499
390
368
341
286
274
294
247
294
246
214
187
183
203
207
188
183
194
189
184
182
172
214
214
273
280
401
381
432
450
471
391
335
431
377
448
448
408
419
455
433
486
468
475
480
449
417
381
406
473
358
438
456
381
322
269
301
246
253
214
206
205
216
225
185
220
203
182
182
201
191
159
182
196
233
231
236
322
295
438
334
314
337
373
325
516
734
1071
1485
1380
1344
1682
1541
1283
1191
919
801
657
658
600
594
550
616
658
678
458
390
390
343
274
248
216
215
248
197
210
174
196
187
166
172
173
160
164
162
77
165
195
265
368
390
421
391
403
434
440
385
335
440
509
527
513
509
689
861
889
1004
1036
868
702
672
648
545
665
650
825
976
789
629
514
490
390
289
222
273
236
224
233
216
171
181
188
168
165
180
169
168
181
204
245
250
352
386
355
330
432
498
462
424
358
530
587
596
628
663
887
1175
1508
